1	1	1.0
2	2	1.0
3	3	1.0
4	14	1.0
5	68	0.767831732743
6	71	0.809908312701
7	13	0.763566883846
8	8	1.0
9	425	0.500645720071
10	10	1.0
11	11	1.0
12	3162	0.833510367865
13	13	0.834531709144
14	14	1.0
15	15	1.0
16	16	1.0
17	1246	0.37917746717
18	18	1.0
19	19	1.0
20	425	0.718297644453
21	3162	0.727509238634
22	22	1.0
23	23	1.0
24	3162	0.692942875903
25	25	0.862087739929
26	26	1.0
27	43	1.0
28	28	0.901943280178
29	29	1.0
30	3162	0.818153469141
31	31	1.0
32	32	1.0
33	3162	0.828179493545
34	1804	0.577945922644
35	35	1.0
36	773	0.909198632419
37	37	1.0
38	38	1.0
39	39	1.0
40	40	1.0
41	41	1.0
42	42	1.0
43	43	1.0
44	44	1.0
45	3098	0.787624279548
46	46	1.0
47	47	1.0
48	48	0.755306353593
49	49	1.0
50	3701	0.971684804567
51	51	1.0
52	3162	0.745754969011
53	53	1.0
54	54	1.0
55	55	1.0
56	2662	0.386214696039
57	3162	0.587877353565
58	1804	0.559497806385
59	59	1.0
60	60	0.992123512304
61	1709	0.790423658845
62	62	1.0
63	2662	0.320898429458
64	64	1.0
65	65	1.0
66	66	1.0
67	1134	0.752515425751
68	68	0.983724906249
69	69	0.690476330244
70	70	1.0
71	71	0.976254653607
72	1024	0.700300032307
73	1709	0.741545592374
74	281	0.889930790162
75	3316	0.983133216144
76	76	1.0
77	425	0.641205235799
78	2662	0.309684318384
79	2662	0.341980040774
80	2662	0.363120824191
81	81	1.0
82	82	1.0
83	83	1.0
84	1134	0.71337473629
85	85	0.681267715087
86	86	1.0
87	471	0.678392454727
88	88	1.0
89	1622	0.193242875442
90	2173	0.775585537143
91	1284	0.880411490354
92	1755	0.689518191094
93	93	1.0
94	94	1.0
95	2662	0.436647687871
96	2662	0.365410363644
97	2662	0.272335502174
98	98	1.0
99	99	1.0
100	100	1.0
101	101	1.0
102	572	0.569239308403
103	103	1.0
104	3162	0.715688034079
105	2662	0.471846885354
106	3162	0.686157014045
107	3162	0.805093095781
108	108	1.0
109	1340	0.904265384916
110	110	1.0
111	2599	0.956466763635
112	112	1.0
113	1295	0.857771706898
114	25	0.90438493251
115	115	1.0
116	1246	0.322893840448
117	117	1.0
118	118	1.0
119	119	1.0
120	2599	0.946466872025
121	85	0.757893312503
122	347	0.787288775895
123	123	1.0
124	85	0.836428401789
125	125	1.0
126	126	1.0
127	69	0.751259764869
128	128	1.0
129	129	1.0
130	3162	0.843039209086
131	1709	0.810529920295
132	132	1.0
133	133	1.0
134	134	1.0
135	135	1.0
136	136	1.0
137	3162	0.898090490091
138	2950	0.453124316595
139	3162	0.811868641203
140	140	1.0
141	425	0.673216413891
142	142	1.0
143	143	1.0
144	144	1.0
145	145	0.903995652523
146	146	1.0
147	147	1.0
148	148	1.0
149	149	1.0
150	150	1.0
151	151	1.0
152	2562	0.748501122226
153	153	1.0
154	1246	0.642144439757
155	155	1.0
156	166	0.995254815015
157	157	1.0
158	1804	0.830179880599
159	159	1.0
160	1837	0.847214555937
161	1246	0.524676809765
162	1755	0.724919370256
163	163	1.0
164	164	1.0
165	165	0.902008898145
166	166	0.997475156334
167	167	1.0
168	168	1.0
169	1024	0.714912784474
170	170	1.0
171	1024	0.740713436704
172	172	1.0
173	173	1.0
174	1755	0.778721238649
175	1804	0.81493597419
176	176	0.964607433554
177	177	0.932569559863
178	178	0.992190613558
179	179	1.0
180	180	1.0
181	181	0.89900248411
182	2513	0.795132842327
183	183	1.0
184	326	0.833218897709
185	1246	0.372458741036
186	3772	0.796342247019
187	187	1.0
188	188	1.0
189	189	0.999999999948
190	190	0.917407447163
191	281	0.946595399922
192	192	1.0
193	193	1.0
194	194	1.0
195	3819	0.418593779021
196	196	1.0
197	1755	0.793020511978
198	1246	0.656620279616
199	1246	0.544100941848
200	3448	0.906823243652
201	201	1.0
202	202	1.0
203	2530	0.720760895694
204	204	1.0
205	165	0.863517216335
206	206	1.0
207	207	1.0
208	326	0.758681808121
209	181	0.872208452825
210	210	1.0
211	211	1.0
212	1380	0.920852310473
213	1804	0.634971640073
214	2662	0.554026355174
215	215	1.0
216	1246	0.734200739494
217	217	1.0
218	218	1.0
219	1858	0.947678966073
220	2518	0.846212416162
221	3162	0.260827487906
222	222	1.0
223	2662	0.437066257557
224	224	0.819341182703
225	1246	0.426150506092
226	226	0.905513936096
227	1622	0.747848175198
228	228	1.0
229	2658	0.824562484341
230	2562	0.748654817493
231	231	1.0
232	232	1.0
233	233	0.874737588863
234	234	1.0
235	1246	0.656822034163
236	236	1.0
237	237	1.0
238	238	1.0
239	239	1.0
240	240	1.0
241	241	1.0
242	1246	0.601116923696
243	243	1.0
244	244	1.0
245	245	1.0
246	1436	0.954480593981
247	2662	0.546800225865
248	1622	0.447427718783
249	1246	0.662902696343
250	250	1.0
251	2662	0.438177230478
252	252	1.0
253	253	1.0
254	254	1.0
255	255	1.0
256	256	1.0
257	257	1.0
258	258	1.0
259	259	1.0
260	260	1.0
261	2658	0.844900740137
262	262	1.0
263	189	0.999999999947
264	264	1.0
265	265	1.0
266	166	0.992669816304
267	48	0.767306610945
268	268	0.923991784408
269	269	1.0
270	270	1.0
271	1755	0.706892585609
272	1755	0.704348062162
273	1417	0.774714117285
274	274	1.0
275	275	1.0
276	276	1.0
277	178	0.991494032353
278	3730	0.703979720349
279	279	1.0
280	280	1.0
281	281	0.947225565412
282	631	0.71426045033
283	1622	0.587872595527
284	3122	0.783862227395
285	285	1.0
286	286	1.0
287	287	1.0
288	288	1.0
289	2950	0.571148614266
290	290	1.0
291	291	1.0
292	292	1.0
293	347	0.636947715877
294	294	1.0
295	295	1.0
296	296	1.0
297	1622	0.624159483463
298	298	1.0
299	299	1.0
300	300	1.0
301	301	0.709438187645
302	302	1.0
303	303	1.0
304	177	0.837330272223
305	2662	0.390601098193
306	306	0.875809014813
307	307	1.0
308	308	1.0
309	309	1.0
310	310	1.0
311	1804	0.693305199109
312	312	1.0
313	313	1.0
314	314	1.0
315	2658	0.770665534831
316	316	1.0
317	317	1.0
318	2662	0.511980527878
319	2535	0.941273439014
320	2611	0.964454052627
321	3730	0.812837697595
322	3162	0.568063556101
323	2662	0.511980527878
324	3162	0.717873307345
325	425	0.291642245925
326	326	0.833218897709
327	2535	0.941273439014
328	328	1.0
329	329	1.0
330	330	1.0
331	3819	0.384686462419
332	332	1.0
333	333	1.0
334	334	1.0
335	335	1.0
336	336	1.0
337	337	1.0
338	3819	0.673646281997
339	339	1.0
340	340	1.0
341	2785	0.449053984749
342	3162	0.771990423505
343	343	1.0
344	344	1.0
345	2662	0.496175683095
346	346	1.0
347	347	0.515154381447
348	3730	0.774578890098
349	349	1.0
350	350	1.0
351	351	1.0
352	352	1.0
353	353	1.0
354	354	1.0
355	355	1.0
356	356	1.0
357	357	1.0
358	358	1.0
359	3155	0.875966622975
360	360	1.0
361	1304	0.768465944274
362	362	1.0
363	3681	0.895026422676
364	425	0.698996075459
365	365	1.0
366	572	0.586055107311
367	367	0.900308090446
368	368	1.0
369	369	0.504696688134
370	2785	0.763828696849
371	371	0.983010253538
372	3162	0.728885548795
373	3819	0.36369620809
374	374	1.0
375	375	1.0
376	3819	0.36369620809
377	377	1.0
378	378	1.0
379	379	1.0
380	380	1.0
381	3964	0.732683104142
382	1246	0.524823184345
383	371	0.978647415758
384	384	1.0
385	385	1.0
386	386	0.99063946515
387	387	0.90835679899
388	388	1.0
389	389	1.0
390	1246	0.240456955837
391	1660	0.830785721859
392	392	1.0
393	2530	0.823748705932
394	394	0.835982737092
395	395	1.0
396	3162	0.721514612098
397	397	1.0
398	398	1.0
399	3162	0.772517566387
400	1245	0.868430811742
401	85	0.770385021791
402	402	1.0
403	403	1.0
404	404	1.0
405	405	1.0
406	386	0.988797468032
407	407	1.0
408	408	1.0
409	425	0.679827158624
410	410	1.0
411	3162	0.812550383993
412	412	1.0
413	418	1.0
414	1804	0.548067702502
415	415	1.0
416	416	1.0
417	417	1.0
418	418	1.0
419	419	1.0
420	420	1.0
421	3162	0.665889923894
422	422	1.0
423	3162	0.681500875093
424	424	1.0
425	425	0.5958608803
426	3162	0.702006630133
427	419	1.0
428	464	0.940676342063
429	572	0.707277457504
430	430	1.0
431	431	1.0
432	432	1.0
433	433	1.0
434	425	0.504681014158
435	435	1.0
436	3162	0.81123598774
437	1755	0.601107622503
438	425	0.379389772558
439	2662	0.370576637055
440	3162	0.75303816005
441	441	1.0
442	442	1.0
443	3819	0.569845132433
444	1622	0.605682013045
445	445	0.867086405021
446	446	1.0
447	3162	0.71912471178
448	3162	0.802446997158
449	631	0.794238174344
450	450	1.0
451	1996	0.864609195488
452	452	0.695792567204
453	1804	0.459074108848
454	454	1.0
455	1996	0.864609195488
456	456	1.0
457	457	1.0
458	458	1.0
459	459	1.0
460	460	1.0
461	461	1.0
462	3162	0.720684326406
463	463	1.0
464	464	0.951421339634
465	3162	0.798276583199
466	466	1.0
467	3162	0.817923408177
468	468	1.0
469	469	1.0
470	470	1.0
471	471	0.611167957746
472	472	1.0
473	495	1.0
474	474	0.811803663997
475	475	1.0
476	476	1.0
477	477	1.0
478	478	1.0
479	479	1.0
480	480	1.0
481	268	0.852643566877
482	482	1.0
483	483	1.0
484	631	0.597473888375
485	485	1.0
486	486	1.0
487	2662	0.410796730495
488	488	1.0
489	3162	0.905936630256
490	490	1.0
491	491	1.0
492	492	1.0
493	493	1.0
494	494	1.0
495	495	1.0
496	496	1.0
497	497	1.0
498	498	1.0
499	499	0.934857087632
500	500	1.0
501	501	1.0
502	502	1.0
503	2369	0.992220425042
504	2367	0.965198560323
505	505	1.0
506	506	1.0
507	3162	0.759625160509
508	729	0.966431821164
509	509	1.0
510	510	1.0
511	511	1.0
512	512	1.0
513	513	1.0
514	514	1.0
515	515	1.0
516	516	0.920284296723
517	445	0.934094556887
518	518	1.0
519	3162	0.724579133275
520	347	0.723613417838
521	3162	0.814107098885
522	606	0.754633904679
523	523	1.0
524	524	1.0
525	525	1.0
526	1055	0.892637986383
527	3162	0.688570728237
528	3730	0.799168442174
529	529	1.0
530	530	1.0
531	531	1.0
532	532	1.0
533	533	1.0
534	534	1.0
535	535	1.0
536	536	1.0
537	537	1.0
538	1185	0.876207122577
539	539	0.901980924559
540	1804	0.684772230845
541	541	0.891438731588
542	3730	0.719976078587
543	543	1.0
544	544	1.0
545	3730	0.655075322712
546	546	1.0
547	547	1.0
548	548	1.0
549	549	1.0
550	550	1.0
551	551	1.0
552	3119	0.844503903075
553	3162	0.77524512379
554	554	1.0
555	555	1.0
556	556	0.893678167232
557	557	1.0
558	558	1.0
559	559	1.0
560	560	1.0
561	499	0.971880743022
562	2785	0.787940624445
563	563	1.0
564	564	1.0
565	565	0.856360142079
566	566	1.0
567	2785	0.764283714819
568	301	0.745271177343
569	569	1.0
570	570	1.0
571	301	0.804193160328
572	572	0.65139055556
573	573	1.0
574	2662	0.333707805837
575	575	1.0
576	576	1.0
577	2662	0.396776889202
578	578	1.0
579	579	1.0
580	2785	0.79159242598
581	581	1.0
582	582	1.0
583	583	1.0
584	326	0.865204396157
585	369	0.750084371749
586	556	0.852380127122
587	587	1.0
588	347	0.857531857011
589	589	1.0
590	590	1.0
591	3819	0.426191241362
592	592	0.912365827439
593	2297	0.922033578581
594	594	1.0
595	1134	0.659088657634
596	3162	0.735795289838
597	597	1.0
598	598	1.0
599	599	1.0
600	600	1.0
601	1804	0.845364613885
602	602	1.0
603	1134	0.686354240635
604	28	0.858978381526
605	605	1.0
606	606	0.782884159024
607	607	1.0
608	1134	0.69273686798
609	609	1.0
610	610	1.0
611	710	1.0
612	326	0.762684889644
613	1246	0.372409883941
614	614	1.0
615	1936	0.9520055956
616	3162	0.794542826392
617	617	1.0
618	3162	0.639026822884
619	631	0.784372385345
620	620	1.0
621	3119	0.927127117784
622	622	1.0
623	623	1.0
624	624	1.0
625	625	1.0
626	626	1.0
627	627	1.0
628	1755	0.574144645358
629	629	1.0
630	1804	0.903647196994
631	631	0.557574184141
632	709	1.0
633	730	0.925106507711
634	3892	0.809552626499
635	635	1.0
636	636	1.0
637	3162	0.483487436505
638	638	1.0
639	639	1.0
640	3162	0.561023105155
641	641	1.0
642	701	0.981695392822
643	3819	0.607458084157
644	644	0.906769742876
645	645	1.0
646	646	1.0
647	647	1.0
648	648	1.0
649	3819	0.212583092514
650	650	1.0
651	3162	0.33621383839
652	652	1.0
653	653	1.0
654	654	1.0
655	2662	0.59571136077
656	2662	0.533681544599
657	190	0.985968074018
658	233	0.922960467929
659	659	1.0
660	660	1.0
661	694	1.0
662	695	0.945459554777
663	2658	0.850307477545
664	2612	0.800698696885
665	665	1.0
666	3207	0.83667097533
667	1622	0.586620559327
668	668	1.0
669	669	1.0
670	3162	0.401134452941
671	687	0.962318045718
672	672	1.0
673	2662	0.531755209516
674	674	1.0
675	751	0.908242635078
676	1923	0.835417183501
677	677	1.0
678	3860	0.848748805572
679	3819	0.648741865681
680	680	0.998914005126
681	681	1.0
682	682	0.921484362546
683	683	1.0
684	1622	0.565751881512
685	685	0.843485506421
686	686	1.0
687	687	0.970683010388
688	688	1.0
689	69	0.728691910321
690	690	1.0
691	1923	0.835417183501
692	680	0.999007164248
693	190	0.985968074018
694	694	1.0
695	695	0.96122854229
696	3730	0.702055298536
697	697	1.0
698	1755	0.574144645358
699	2658	0.830561858953
700	367	0.888043685902
701	701	0.981890571607
702	644	0.980051491176
703	641	1.0
704	704	1.0
705	705	1.0
706	706	1.0
707	707	1.0
708	708	1.0
709	709	1.0
710	710	1.0
711	711	1.0
712	712	1.0
713	3162	0.74741968589
714	1660	0.687322459688
715	715	1.0
716	716	1.0
717	752	0.882882998285
718	718	1.0
719	1804	0.711191066157
720	720	1.0
721	721	1.0
722	722	1.0
723	723	1.0
724	724	1.0
725	725	1.0
726	3162	0.527628942312
727	727	1.0
728	728	1.0
729	729	0.953855502232
730	730	0.921768437132
731	646	1.0
732	732	1.0
733	733	1.0
734	734	1.0
735	3162	0.657114035187
736	306	0.91893661866
737	737	1.0
738	644	0.983737452059
739	3162	0.779331449192
740	740	1.0
741	741	1.0
742	2658	0.905878946677
743	3162	0.876077489869
744	1622	0.389146568712
745	2662	0.533681544599
746	746	1.0
747	2662	0.162947374637
748	748	1.0
749	749	1.0
750	750	1.0
751	751	0.740405996778
752	752	0.889906152808
753	753	1.0
754	754	0.951697871165
755	755	1.0
756	756	1.0
757	757	1.0
758	1804	0.616104412379
759	759	1.0
760	771	0.999999999988
761	3819	0.502140581239
762	2662	0.167662292867
763	3819	0.473455011498
764	764	1.0
765	765	1.0
766	766	1.0
767	767	1.0
768	768	1.0
769	769	1.0
770	770	1.0
771	771	0.999999999989
772	772	1.0
773	773	0.868615085426
774	774	0.917813905214
775	863	0.927232015822
776	776	1.0
777	2662	0.547669164999
778	3162	0.462544702631
779	779	1.0
780	780	1.0
781	781	1.0
782	1246	0.810267901289
783	783	1.0
784	1128	0.926976384192
785	1996	0.913305670644
786	786	1.0
787	787	1.0
788	788	1.0
789	789	1.0
790	790	1.0
791	3155	0.850772383619
792	792	1.0
793	3162	0.633400679275
794	452	0.904623887312
795	1996	0.915037951945
796	796	1.0
797	3162	0.774019203635
798	1804	0.649037085919
799	2662	0.572599047623
800	800	1.0
801	2662	0.572599047623
802	802	1.0
803	803	1.0
804	804	1.0
805	3162	0.658414998782
806	806	1.0
807	807	1.0
808	1040	0.807821891963
809	1438	0.886463449063
810	3162	0.695476249795
811	811	1.0
812	812	1.0
813	813	1.0
814	814	1.0
815	815	1.0
816	3162	0.703630363611
817	817	1.0
818	818	1.0
819	3819	0.449333069292
820	3122	0.645570699403
821	369	0.778243343642
822	822	1.0
823	3819	0.437355104856
824	824	1.0
825	825	1.0
826	826	1.0
827	862	0.893876534169
828	828	1.0
829	829	1.0
830	830	1.0
831	831	1.0
832	832	1.0
833	3162	0.82429037889
834	3162	0.578684356392
835	3819	0.487449136196
836	2173	0.828757695444
837	2662	0.525285494299
838	838	1.0
839	2662	0.323396735777
840	3819	0.590956007518
841	1984	0.906928679407
842	842	1.0
843	843	1.0
844	844	0.905495262523
845	845	1.0
846	846	0.918963892261
847	838	1.0
848	848	1.0
849	880	0.852748414057
850	3162	0.652364851749
851	851	1.0
852	2662	0.570722238508
853	853	1.0
854	854	1.0
855	855	1.0
856	3819	0.464745336691
857	857	0.982321243146
858	3162	0.729959581078
859	3162	0.777392875184
860	3819	0.607583219478
861	3162	0.805370990244
862	862	0.871303755164
863	863	0.965249468051
864	864	1.0
865	865	1.0
866	3162	0.858892772324
867	867	1.0
868	3162	0.795785634118
869	844	0.860524884161
870	2662	0.510931855993
871	871	1.0
872	872	0.916587696734
873	3162	0.563465699887
874	3162	0.795150742844
875	875	1.0
876	452	0.87562284775
877	877	1.0
878	1804	0.801205596335
879	2857	0.668080149812
880	880	0.922185155551
881	881	1.0
882	882	1.0
883	1804	0.687424942031
884	884	1.0
885	885	1.0
886	1246	0.513420060763
887	2662	0.512253557453
888	888	1.0
889	889	1.0
890	890	1.0
891	857	0.983834644415
892	892	1.0
893	893	1.0
894	894	1.0
895	895	0.878598819148
896	896	1.0
897	897	1.0
898	898	1.0
899	899	1.0
900	900	0.944454512615
901	901	0.94865950868
902	902	1.0
903	3851	0.793526894219
904	904	0.95040123057
905	3162	0.766679601147
906	1804	0.686140029812
907	907	1.0
908	3122	0.645800792692
909	909	1.0
910	3162	0.748488500039
911	911	1.0
912	912	1.0
913	895	0.936173430361
914	1246	0.578138707999
915	3162	0.842890982503
916	978	0.957366789985
917	917	1.0
918	1155	0.794398372726
919	606	0.756280449547
920	920	1.0
921	921	1.0
922	922	1.0
923	3819	0.225726476035
924	924	1.0
925	925	1.0
926	926	1.0
927	901	0.911308453498
928	471	0.777144162013
929	929	1.0
930	904	0.937765933083
931	471	0.554983512116
932	932	1.0
933	3162	0.680601067424
934	3162	0.709893193335
935	3162	0.738079547695
936	936	1.0
937	425	0.686646073333
938	3162	0.692923601132
939	900	0.93466034102
940	940	0.825194733335
941	1134	0.626714758247
942	942	1.0
943	943	1.0
944	3098	0.871351498891
945	471	0.812176842735
946	946	0.930997489
947	3594	0.908572015439
948	968	0.986704427208
949	3162	0.730772451285
950	950	1.0
951	951	1.0
952	471	0.90785579518
953	1755	0.736256965356
954	3701	0.971684804567
955	2357	0.794621199983
956	956	1.0
957	1804	0.71625215906
958	425	0.497550739954
959	3162	0.766773758992
960	2857	0.842916496594
961	946	0.897134065257
962	962	1.0
963	963	1.0
964	2662	0.301277957828
965	965	0.856531080665
966	966	1.0
967	965	0.915442346745
968	968	0.986434534797
969	969	1.0
970	970	1.0
971	971	1.0
972	972	1.0
973	3119	0.924141816289
974	2857	0.785782759663
975	975	1.0
976	2918	0.902013094732
977	977	1.0
978	978	0.973759377366
979	979	1.0
980	980	1.0
981	2662	0.459193716263
982	982	1.0
983	1134	0.69932132397
984	984	1.0
985	3730	0.700747909141
986	986	1.0
987	425	0.770829315837
988	988	1.0
989	3458	0.640742517171
990	3162	0.672654819413
991	3162	0.620660886785
992	992	1.0
993	993	1.0
994	994	1.0
995	2344	0.90420491982
996	3162	0.738400583262
997	997	1.0
998	1246	0.506141236561
999	999	1.0
1000	1000	1.0
1001	2662	0.425845129269
1002	1246	0.373471982474
1003	1003	1.0
1004	1755	0.68931491174
1005	1246	0.710545866081
1006	1006	1.0
1007	1007	1.0
1008	347	0.586230047219
1009	1009	1.0
1010	565	0.923217692408
1011	1011	1.0
1012	1012	1.0
1013	1013	1.0
1014	1246	0.297864957739
1015	2662	0.480343741903
1016	2662	0.266001464237
1017	2662	0.21702952119
1018	2662	0.331497693461
1019	1019	1.0
1020	1020	1.0
1021	1021	1.0
1022	1022	1.0
1023	1023	1.0
1024	1024	0.768398124614
1025	1025	1.0
1026	1026	1.0
1027	1027	1.0
1028	2662	0.434494712242
1029	1029	1.0
1030	2662	0.426103338337
1031	1031	1.0
1032	1032	1.0
1033	1241	0.942218502797
1034	1034	1.0
1035	3119	0.849778538101
1036	2662	0.535325133659
1037	1037	1.0
1038	1167	0.900659835833
1039	3162	0.588122903627
1040	1040	0.949300492309
1041	1041	1.0
1042	2662	0.445712611305
1043	1043	1.0
1044	3162	0.717500417294
1045	1045	0.879983948891
1046	1246	0.476159490168
1047	1047	1.0
1048	1048	1.0
1049	1049	1.0
1050	1050	1.0
1051	3162	0.830610606441
1052	3162	0.787355155877
1053	2662	0.315661392757
1054	1054	1.0
1055	1055	0.797829054456
1056	1056	1.0
1057	3819	0.490468309539
1058	1494	0.912266270221
1059	1059	1.0
1060	1060	1.0
1061	1061	1.0
1062	1062	1.0
1063	2662	0.550453615648
1064	2662	0.554516902279
1065	2662	0.543307020907
1066	1066	0.858240372064
1067	1067	1.0
1068	1068	1.0
1069	2662	0.275675875733
1070	1070	1.0
1071	3819	0.563503982703
1072	1072	0.946701804647
1073	1073	1.0
1074	2662	0.484640441181
1075	1075	1.0
1076	1076	1.0
1077	1077	1.0
1078	1078	1.0
1079	1079	1.0
1080	1080	0.814464784783
1081	541	0.887586604442
1082	1082	1.0
1083	1083	1.0
1084	1084	1.0
1085	1085	1.0
1086	2857	0.636593388718
1087	3155	0.861913240071
1088	1088	1.0
1089	1089	1.0
1090	1090	1.0
1091	471	0.841902466145
1092	1092	1.0
1093	1093	0.916257777526
1094	1094	0.820255032257
1095	1095	1.0
1096	1072	0.963127508895
1097	2662	0.361904351196
1098	1098	1.0
1099	1099	1.0
1100	1100	1.0
1101	3162	0.773106492268
1102	2662	0.424916100681
1103	1103	1.0
1104	1104	1.0
1105	1105	1.0
1106	1246	0.51735808411
1107	452	0.804133731291
1108	1923	0.603924599235
1109	3162	0.720362242606
1110	1110	1.0
1111	3162	0.656259155711
1112	3819	0.575255816872
1113	3860	0.96069266798
1114	1114	1.0
1115	1115	1.0
1116	1116	1.0
1117	1117	1.0
1118	3162	0.764944388238
1119	2785	0.611901690574
1120	1045	0.930788423036
1121	1121	1.0
1122	3860	0.96069266798
1123	1123	1.0
1124	1124	1.0
1125	1125	1.0
1126	425	0.57366154041
1127	1127	1.0
1128	1128	0.855984664255
1129	425	0.732997031082
1130	1130	1.0
1131	940	0.835175085916
1132	425	0.600127999389
1133	1133	1.0
1134	1134	0.610966348696
1135	1135	1.0
1136	1804	0.679851773766
1137	1137	1.0
1138	1138	1.0
1139	1246	0.278896334556
1140	3119	0.880108371325
1141	369	0.741103925892
1142	3162	0.706481608254
1143	1143	1.0
1144	1144	1.0
1145	1145	1.0
1146	1146	1.0
1147	1147	1.0
1148	1148	1.0
1149	1155	0.807419592842
1150	1150	1.0
1151	3431	0.93607519646
1152	3819	0.677592436935
1153	1153	1.0
1154	3162	0.713978191315
1155	1155	0.703939745513
1156	556	0.854586042162
1157	1157	1.0
1158	1158	1.0
1159	2785	0.846999485265
1160	1160	1.0
1161	1055	0.869115448042
1162	1162	1.0
1163	301	0.693779760209
1164	3819	0.565256757217
1165	2950	0.643728592555
1166	1166	1.0
1167	1167	0.903874593243
1168	3594	0.851809208099
1169	48	0.788417647445
1170	1170	1.0
1171	1171	1.0
1172	3819	0.538091182777
1173	2662	0.234807968465
1174	1174	1.0
1175	1175	1.0
1176	3162	0.824094697357
1177	1177	1.0
1178	1178	1.0
1179	2662	0.444136951476
1180	3819	0.612232019613
1181	3162	0.862803622432
1182	1246	0.650142109293
1183	3819	0.538091182777
1184	3162	0.733672772116
1185	1185	0.896857188134
1186	1186	1.0
1187	3162	0.689645911683
1188	1246	0.508103873472
1189	2313	0.810289792091
1190	1190	1.0
1191	3162	0.543008514312
1192	1192	1.0
1193	1193	1.0
1194	1194	1.0
1195	1195	1.0
1196	1196	1.0
1197	1197	1.0
1198	1198	1.0
1199	1199	1.0
1200	1200	1.0
1201	1201	1.0
1202	3819	0.61039676286
1203	425	0.765723461416
1204	1204	1.0
1205	1205	1.0
1206	1206	0.756106179197
1207	1207	1.0
1208	1208	1.0
1209	1209	1.0
1210	1206	0.964698202536
1211	3819	0.471263049023
1212	1212	1.0
1213	1134	0.662827983109
1214	1214	1.0
1215	1215	1.0
1216	1216	1.0
1217	3162	0.794527548201
1218	1218	1.0
1219	1219	1.0
1220	1220	1.0
1221	1221	1.0
1222	1222	1.0
1223	1223	1.0
1224	1224	1.0
1225	1225	0.942356386405
1226	1226	1.0
1227	1227	1.0
1228	3819	0.531045000061
1229	1229	1.0
1230	1230	1.0
1231	3162	0.676288732711
1232	1232	1.0
1233	1233	1.0
1234	1234	1.0
1235	1804	0.695697032684
1236	1236	1.0
1237	1305	0.898205019752
1238	572	0.704397386857
1239	3162	0.766018227169
1240	1240	1.0
1241	1241	0.884121477869
1242	1242	1.0
1243	1243	1.0
1244	1244	0.931679995911
1245	1245	0.9203511876
1246	1246	0.186985480983
1247	2857	0.800400137086
1248	1248	1.0
1249	3162	0.644934813428
1250	1250	1.0
1251	1251	1.0
1252	1252	1.0
1253	1244	0.93757419104
1254	1254	1.0
1255	1255	1.0
1256	1256	1.0
1257	3819	0.45156522143
1258	1258	1.0
1259	1259	1.0
1260	301	0.656448494161
1261	425	0.826882227717
1262	471	0.760913127165
1263	2662	0.383427587876
1264	3162	0.443810991002
1265	1265	1.0
1266	1266	1.0
1267	1267	1.0
1268	1268	1.0
1269	3162	0.783152982901
1270	1270	1.0
1271	3162	0.462978498432
1272	3162	0.60885056992
1273	2662	0.227816569173
1274	3162	0.821830811794
1275	1275	1.0
1276	1276	1.0
1277	1277	1.0
1278	1369	1.0
1279	1279	0.856825228481
1280	471	0.563995718959
1281	1281	1.0
1282	1246	0.372431554045
1283	1283	1.0
1284	1284	0.892568073173
1285	1285	1.0
1286	1286	1.0
1287	1287	1.0
1288	1313	0.906636043886
1289	3458	0.759745229156
1290	1290	1.0
1291	1291	1.0
1292	1292	1.0
1293	1293	1.0
1294	2662	0.375821654086
1295	1295	0.667923791416
1296	1296	1.0
1297	1225	0.888804413567
1298	474	0.938333439054
1299	2662	0.429930037631
1300	1300	1.0
1301	2662	0.461961216431
1302	3162	0.619663329286
1303	1303	1.0
1304	1304	0.7211150787
1305	1305	0.926695059615
1306	1306	1.0
1307	1307	1.0
1308	872	0.862010300555
1309	1309	1.0
1310	1310	1.0
1311	3819	0.492282669586
1312	1312	1.0
1313	1313	0.913845077471
1314	1314	1.0
1315	1315	1.0
1316	1316	1.0
1317	1304	0.836446877267
1318	2662	0.248110678854
1319	1325	0.995824907902
1320	1320	1.0
1321	1321	1.0
1322	1322	1.0
1323	1323	1.0
1324	1324	1.0
1325	1325	0.995880136711
1326	1326	1.0
1327	1327	1.0
1328	1246	0.225171502877
1329	1134	0.726734971647
1330	2009	0.889237568334
1331	1331	1.0
1332	751	0.790908068846
1333	1333	1.0
1334	1804	0.751067555401
1335	2662	0.430208939339
1336	1246	0.22976487799
1337	3162	0.695003838739
1338	474	0.928774299679
1339	1339	1.0
1340	1340	0.842847680482
1341	1341	1.0
1342	3819	0.659848413136
1343	2918	0.974855123625
1344	3458	0.647005100005
1345	1345	1.0
1346	1346	1.0
1347	1347	1.0
1348	3162	0.796084840388
1349	1349	1.0
1350	1350	1.0
1351	1351	1.0
1352	1352	0.812739119534
1353	1353	1.0
1354	1354	1.0
1355	1355	1.0
1356	1356	1.0
1357	1357	1.0
1358	3162	0.846539693539
1359	1359	1.0
1360	85	0.887306269012
1361	3819	0.645872844332
1362	1755	0.463559462314
1363	1363	1.0
1364	1364	0.979472463813
1365	1365	1.0
1366	1366	1.0
1367	1206	0.964698141052
1368	1368	1.0
1369	1369	1.0
1370	1370	1.0
1371	1371	1.0
1372	1372	1.0
1373	1804	0.606826092874
1374	3819	0.339752921741
1375	1375	1.0
1376	1376	1.0
1377	301	0.734206608169
1378	1378	1.0
1379	1379	1.0
1380	1380	0.90480119484
1381	1024	0.758084580817
1382	145	0.936485481292
1383	1383	1.0
1384	1384	1.0
1385	3819	0.376956252356
1386	1386	1.0
1387	1445	1.0
1388	1388	1.0
1389	1246	0.62055494623
1390	301	0.675204628125
1391	1391	1.0
1392	1392	1.0
1393	3819	0.546257507532
1394	1394	1.0
1395	1395	1.0
1396	1396	1.0
1397	1397	1.0
1398	1398	1.0
1399	1399	1.0
1400	1400	1.0
1401	2921	0.826903854267
1402	2994	0.955551059125
1403	2662	0.455561332935
1404	2530	0.904064361508
1405	1405	1.0
1406	3458	0.520060605401
1407	2662	0.508808342652
1408	1622	0.56156690232
1409	2658	0.826561158573
1410	1622	0.663943762538
1411	1411	1.0
1412	1412	1.0
1413	1413	1.0
1414	1414	1.0
1415	1415	1.0
1416	1024	0.810728550079
1417	1417	0.74303239038
1418	1418	1.0
1419	2662	0.11808904266
1420	2658	0.797588981458
1421	3400	0.894631372403
1422	1422	1.0
1423	1246	0.620838193612
1424	1424	1.0
1425	1425	1.0
1426	1426	1.0
1427	2662	0.487010445913
1428	1428	1.0
1429	1246	0.552920141867
1430	1430	1.0
1431	1431	1.0
1432	1432	1.0
1433	2562	0.808292331065
1434	1622	0.627067675055
1435	1435	1.0
1436	1436	0.945001454846
1437	1437	1.0
1438	1438	0.892214526779
1439	3819	0.381704401265
1440	2209	0.834356702683
1441	1441	1.0
1442	1442	1.0
1443	1418	1.0
1444	2994	0.955551059125
1445	1445	1.0
1446	1246	0.408347967915
1447	2658	0.757553495525
1448	2662	0.569182380724
1449	2662	0.53754513752
1450	1479	1.0
1451	1451	1.0
1452	2921	0.783174714161
1453	846	0.936933361321
1454	1454	1.0
1455	1477	1.0
1456	2662	0.386022989639
1457	1755	0.629589528867
1458	1458	1.0
1459	2662	0.534830482558
1460	2921	0.879666258317
1461	1461	1.0
1462	1462	1.0
1463	347	0.752029174929
1464	1464	1.0
1465	1465	1.0
1466	1466	1.0
1467	1246	0.643211331036
1468	3162	0.754730937983
1469	1469	1.0
1470	2950	0.836558390921
1471	1246	0.466411164467
1472	1472	1.0
1473	1473	1.0
1474	3458	0.772366214571
1475	1475	1.0
1476	1476	1.0
1477	1477	1.0
1478	3819	0.344980260753
1479	1479	1.0
1480	3819	0.531438385995
1481	2658	0.83005049066
1482	3491	0.816110271361
1483	1483	1.0
1484	3162	0.644921269915
1485	3162	0.857276268789
1486	1486	1.0
1487	1487	1.0
1488	3162	0.822528938028
1489	1024	0.882950558492
1490	1490	1.0
1491	1491	1.0
1492	3819	0.591480639727
1493	1246	0.592054433595
1494	1494	0.868707111518
1495	85	0.864482424642
1496	3162	0.809026272724
1497	3819	0.411982602354
1498	3819	0.568958855806
1499	1516	0.989196056268
1500	1500	1.0
1501	3440	0.825267126643
1502	1502	1.0
1503	1503	1.0
1504	1504	1.0
1505	1505	1.0
1506	1506	1.0
1507	3819	0.497197888051
1508	1508	1.0
1509	1509	1.0
1510	1510	1.0
1511	1511	1.0
1512	1512	1.0
1513	1513	1.0
1514	1514	1.0
1515	1515	1.0
1516	1516	0.989728654745
1517	1517	1.0
1518	1518	1.0
1519	3819	0.451983800611
1520	1520	1.0
1521	3819	0.348631261602
1522	1522	1.0
1523	3226	0.858760006425
1524	2662	0.508414760383
1525	1525	1.0
1526	1526	1.0
1527	1527	1.0
1528	1528	1.0
1529	1529	1.0
1530	1530	1.0
1531	3162	0.653634970599
1532	1532	1.0
1533	224	0.940226822762
1534	1534	1.0
1535	1622	0.658962268626
1536	3162	0.649297172016
1537	1537	1.0
1538	1804	0.693852533189
1539	1539	1.0
1540	3902	0.832720471523
1541	1541	1.0
1542	1542	1.0
1543	2662	0.27948029981
1544	1755	0.645180037479
1545	1545	1.0
1546	1546	1.0
1547	1547	1.0
1548	1548	1.0
1549	1549	1.0
1550	1550	1.0
1551	1551	1.0
1552	2569	0.916864898722
1553	1591	0.850406140372
1554	3458	0.809902758266
1555	1555	1.0
1556	2662	0.534757097625
1557	1557	1.0
1558	2513	0.823913538845
1559	1559	1.0
1560	3155	0.831130628005
1561	3458	0.724707840872
1562	2662	0.534757097625
1563	1563	1.0
1564	1564	1.0
1565	2662	0.32246346843
1566	1304	0.662694155995
1567	1567	1.0
1568	2662	0.547897340778
1569	1246	0.571008355515
1570	1570	1.0
1571	1571	1.0
1572	1572	1.0
1573	3119	0.785700234228
1574	1574	1.0
1575	3162	0.623103298727
1576	1576	1.0
1577	1246	0.480541407424
1578	1578	0.906147529192
1579	1579	1.0
1580	1580	1.0
1581	3162	0.565188492499
1582	1582	1.0
1583	2857	0.690708440265
1584	1584	0.685333750275
1585	425	0.789881546528
1586	2662	0.547897340778
1587	1587	1.0
1588	1588	1.0
1589	3431	0.880559358155
1590	1590	1.0
1591	1591	0.919366076726
1592	3162	0.743770619897
1593	1246	0.501826605596
1594	369	0.644758867752
1595	1595	1.0
1596	1596	1.0
1597	1597	1.0
1598	1598	1.0
1599	1134	0.753400944737
1600	1600	1.0
1601	1601	1.0
1602	3162	0.749312440561
1603	2264	0.525604227541
1604	1604	1.0
1605	1755	0.552369243097
1606	1606	0.585653864954
1607	3162	0.849178550331
1608	1608	1.0
1609	1609	1.0
1610	1610	1.0
1611	1611	1.0
1612	2662	0.409273557229
1613	1246	0.513229391322
1614	1614	1.0
1615	1615	1.0
1616	3162	0.812759535979
1617	2662	0.301908342721
1618	2921	0.858749815328
1619	3162	0.718197077517
1620	1620	1.0
1621	1621	1.0
1622	1622	0.577293360042
1623	1623	1.0
1624	425	0.785811493617
1625	1625	1.0
1626	1626	1.0
1627	1627	1.0
1628	1628	1.0
1629	1629	1.0
1630	1630	1.0
1631	3819	0.437683698493
1632	347	0.693563692851
1633	2662	0.56243639473
1634	1634	1.0
1635	2662	0.404233237641
1636	1636	1.0
1637	1637	1.0
1638	1134	0.672327542044
1639	1639	1.0
1640	1640	1.0
1641	1641	1.0
1642	1642	1.0
1643	1643	1.0
1644	1644	1.0
1645	1622	0.583194416531
1646	1646	1.0
1647	1647	1.0
1648	1622	0.621416196269
1649	2662	0.402653193728
1650	1650	1.0
1651	1651	1.0
1652	1652	1.0
1653	3119	0.918612217451
1654	1654	1.0
1655	1655	1.0
1656	1656	1.0
1657	1657	1.0
1658	1658	1.0
1659	3162	0.78886368362
1660	1660	0.750664813085
1661	3119	0.902798577815
1662	1662	1.0
1663	2662	0.332080739416
1664	3162	0.84901185062
1665	1665	1.0
1666	1666	1.0
1667	3119	0.914689688463
1668	1668	1.0
1669	3568	0.735754375447
1670	1670	1.0
1671	1671	1.0
1672	1672	1.0
1673	3162	0.778970142653
1674	3162	0.738776231735
1675	3162	0.72528176567
1676	1676	1.0
1677	1677	1.0
1678	1678	1.0
1679	3162	0.889934025757
1680	1680	1.0
1681	1681	1.0
1682	3162	0.740970700917
1683	1405	1.0
1684	1684	1.0
1685	1685	1.0
1686	2857	0.67189705494
1687	1687	1.0
1688	1688	1.0
1689	1689	1.0
1690	1690	1.0
1691	1691	1.0
1692	3069	0.858484132631
1693	1693	1.0
1694	2053	0.778920602213
1695	1695	1.0
1696	2662	0.421929230352
1697	1697	1.0
1698	1698	1.0
1699	1699	0.934936087885
1700	2662	0.391947592172
1701	1701	1.0
1702	2009	0.858544738993
1703	2921	0.872308799158
1704	3119	0.911438885529
1705	425	0.67725749907
1706	1706	1.0
1707	1246	0.587236922277
1708	1755	0.771495432515
1709	1709	0.635928696987
1710	3162	0.740970700917
1711	1295	0.818039038322
1712	1712	1.0
1713	1713	1.0
1714	2242	0.77803279028
1715	1715	1.0
1716	387	0.919629240267
1717	1717	1.0
1718	1718	1.0
1719	1719	1.0
1720	1093	0.866575075138
1721	1721	1.0
1722	1722	1.0
1723	2662	0.358623074851
1724	2662	0.368358379103
1725	1725	1.0
1726	2662	0.501346158315
1727	2662	0.460674595425
1728	1728	1.0
1729	1729	1.0
1730	2662	0.35856164561
1731	1731	1.0
1732	471	0.699530784727
1733	1733	1.0
1734	3162	0.665118246845
1735	471	0.7222191965
1736	2173	0.785452068993
1737	2053	0.897152406942
1738	3119	0.87204132422
1739	1295	0.798545068404
1740	1740	1.0
1741	3162	0.580961186799
1742	1742	1.0
1743	1743	1.0
1744	1744	1.0
1745	3162	0.740840487879
1746	1746	1.0
1747	1747	1.0
1748	1748	0.89141801023
1749	1749	1.0
1750	1748	0.881849259572
1751	1751	1.0
1752	1752	1.0
1753	3122	0.762124562181
1754	1754	1.0
1755	1755	0.541575934929
1756	1756	1.0
1757	1757	1.0
1758	1758	1.0
1759	1246	0.546409946027
1760	3162	0.639007476331
1761	1761	1.0
1762	1762	1.0
1763	1763	1.0
1764	1764	1.0
1765	1364	0.973194769507
1766	3316	0.970271416578
1767	606	0.805333060367
1768	3162	0.851571156839
1769	1769	1.0
1770	1770	1.0
1771	3122	0.571018134499
1772	2921	0.8002475991
1773	1773	1.0
1774	1774	1.0
1775	1775	1.0
1776	1776	1.0
1777	3162	0.656573352722
1778	3162	0.818626593879
1779	1779	1.0
1780	1780	1.0
1781	1781	1.0
1782	1782	1.0
1783	3458	0.671832996493
1784	1784	1.0
1785	2662	0.450164672831
1786	1786	1.0
1787	1787	1.0
1788	1788	1.0
1789	1789	1.0
1790	1790	1.0
1791	1791	1.0
1792	2662	0.485109833309
1793	3458	0.743856147121
1794	2053	0.765363801251
1795	1795	1.0
1796	1796	1.0
1797	1797	1.0
1798	1814	0.905643136064
1799	1799	1.0
1800	1800	1.0
1801	1801	1.0
1802	1802	1.0
1803	1820	0.940716803019
1804	1804	0.457002746504
1805	1755	0.697344738276
1806	347	0.628186436405
1807	1807	1.0
1808	1808	1.0
1809	1809	1.0
1810	2662	0.509770556795
1811	1811	1.0
1812	1812	1.0
1813	1813	1.0
1814	1814	0.900392378125
1815	425	0.393044903342
1816	1816	1.0
1817	1817	1.0
1818	1818	1.0
1819	1819	1.0
1820	1820	0.956789264589
1821	3162	0.888610778387
1822	1134	0.638721530336
1823	1823	1.0
1824	3568	0.735204089384
1825	1988	0.923375877927
1826	1826	1.0
1827	1827	1.0
1828	1828	1.0
1829	2662	0.419136350937
1830	425	0.707628845496
1831	1804	0.656453271136
1832	1134	0.649699004915
1833	1134	0.620082519321
1834	1804	0.673844131775
1835	1709	0.65029585401
1836	3819	0.573909918308
1837	1837	0.739197525152
1838	1246	0.637354940789
1839	1839	1.0
1840	3730	0.712588102165
1841	2658	0.765633878652
1842	3162	0.862585532629
1843	3162	0.59659363027
1844	1844	1.0
1845	1845	1.0
1846	3935	0.972053758493
1847	1847	1.0
1848	1848	1.0
1849	1849	1.0
1850	2658	0.901504843653
1851	1851	1.0
1852	85	0.769407728694
1853	2662	0.363041341108
1854	1854	1.0
1855	2031	0.909704386988
1856	1856	1.0
1857	2662	0.296397517949
1858	1858	0.845688611407
1859	3162	0.740767627124
1860	1860	1.0
1861	1861	1.0
1862	1804	0.726784438547
1863	1863	1.0
1864	2662	0.499105312468
1865	1865	1.0
1866	1866	0.990350062674
1867	1867	1.0
1868	1246	0.202543693268
1869	1869	1.0
1870	3162	0.659280764411
1871	1871	1.0
1872	2662	0.376395777126
1873	1873	1.0
1874	1874	1.0
1875	2662	0.265046347432
1876	1866	0.990439111281
1877	3730	0.696310580202
1878	1878	1.0
1879	1879	1.0
1880	1880	1.0
1881	1881	1.0
1882	1882	1.0
1883	2785	0.643123113182
1884	1884	1.0
1885	1885	1.0
1886	2066	0.883450726491
1887	1887	1.0
1888	1888	1.0
1889	3162	0.768651197192
1890	2662	0.446518284074
1891	1820	0.87648187357
1892	1892	1.0
1893	1893	1.0
1894	1894	1.0
1895	1895	0.848733416277
1896	1896	1.0
1897	2662	0.257833300631
1898	2662	0.446518284074
1899	1899	1.0
1900	3119	0.849138588753
1901	3162	0.775136019381
1902	3162	0.700459802161
1903	1903	1.0
1904	13	0.740708972004
1905	3819	0.266615664932
1906	3162	0.852571609965
1907	425	0.610413132318
1908	2662	0.32347345206
1909	1909	1.0
1910	3162	0.793822038936
1911	2923	0.916755739301
1912	1912	1.0
1913	1913	1.0
1914	1914	1.0
1915	1915	1.0
1916	1916	1.0
1917	347	0.826172015148
1918	1622	0.546612591329
1919	1919	1.0
1920	2662	0.455746918582
1921	1921	1.0
1922	1922	1.0
1923	1923	0.858449547562
1924	2644	0.717499165554
1925	1925	1.0
1926	2662	0.429197227221
1927	3162	0.734662790605
1928	1155	0.804322510775
1929	3644	0.879247857987
1930	1930	1.0
1931	2297	0.826312184337
1932	1932	1.0
1933	425	0.24505688633
1934	3162	0.68412281814
1935	1935	1.0
1936	1936	0.927792818922
1937	1937	1.0
1938	1938	0.914634955781
1939	1939	1.0
1940	3162	0.845710307174
1941	1941	1.0
1942	1942	1.0
1943	1943	1.0
1944	1944	1.0
1945	1945	1.0
1946	1946	1.0
1947	3119	0.888764642328
1948	1948	1.0
1949	3162	0.584186788
1950	1950	1.0
1951	425	0.573393315237
1952	2662	0.150466248634
1953	3819	0.425017925614
1954	2264	0.495517633572
1955	1246	0.23585669945
1956	1956	1.0
1957	1957	1.0
1958	1958	1.0
1959	1959	1.0
1960	1960	1.0
1961	1961	1.0
1962	1958	1.0
1963	1963	1.0
1964	1964	1.0
1965	1965	1.0
1966	1938	0.917766736504
1967	1967	1.0
1968	1968	1.0
1969	1246	0.307368702488
1970	1970	1.0
1971	3624	0.996102416142
1972	3181	0.921175183372
1973	1973	1.0
1974	1246	0.288349566738
1975	3162	0.868931807105
1976	1246	0.203348678619
1977	3162	0.694273532665
1978	1622	0.675747919885
1979	1979	1.0
1980	1980	0.774665371339
1981	3431	0.856919955561
1982	1982	0.996843046906
1983	1983	1.0
1984	1984	0.886194918395
1985	326	0.641216805328
1986	1986	1.0
1987	2644	0.608183138347
1988	1988	0.888264918187
1989	1989	1.0
1990	2662	0.409847595377
1991	1755	0.769085007658
1992	1992	1.0
1993	1993	0.794520528153
1994	1994	1.0
1995	1995	1.0
1996	1996	0.752772329466
1997	1997	1.0
1998	1982	0.997102761673
1999	48	0.867297970196
2000	2000	1.0
2001	3162	0.795523460124
2002	2002	0.912909637412
2003	2003	1.0
2004	2004	1.0
2005	2005	1.0
2006	2006	1.0
2007	2007	1.0
2008	2008	1.0
2009	2009	0.863068264727
2010	2010	1.0
2011	2011	1.0
2012	2012	1.0
2013	3162	0.576496873049
2014	3162	0.726875566074
2015	2015	1.0
2016	2662	0.418512722005
2017	2921	0.733623150264
2018	2018	1.0
2019	2226	0.840279395817
2020	2020	1.0
2021	2021	1.0
2022	2022	1.0
2023	2023	1.0
2024	48	0.836630065225
2025	2025	1.0
2026	2026	1.0
2027	2027	1.0
2028	2662	0.441700040907
2029	369	0.748156717673
2030	3119	0.859592138448
2031	2031	0.855249575786
2032	2032	1.0
2033	2033	1.0
2034	2034	1.0
2035	2035	1.0
2036	2036	1.0
2037	2037	1.0
2038	2038	1.0
2039	2002	0.84995279852
2040	2040	1.0
2041	2041	1.0
2042	2042	1.0
2043	1155	0.859273111866
2044	2044	1.0
2045	2045	1.0
2046	2046	1.0
2047	3162	0.768917605331
2048	2048	1.0
2049	3701	0.989148216642
2050	2050	1.0
2051	2271	0.925737410554
2052	2052	1.0
2053	2053	0.868904674378
2054	3162	0.878863573184
2055	347	0.792683796416
2056	2056	1.0
2057	2057	1.0
2058	2058	1.0
2059	1996	0.739390301449
2060	2060	1.0
2061	2061	1.0
2062	2062	1.0
2063	2063	1.0
2064	2064	1.0
2065	3162	0.618154151886
2066	2066	0.893077302514
2067	2067	1.0
2068	2068	1.0
2069	2062	1.0
2070	2070	1.0
2071	2071	1.0
2072	2072	1.0
2073	2073	1.0
2074	2074	1.0
2075	2075	1.0
2076	2076	1.0
2077	2077	1.0
2078	425	0.246171603082
2079	2079	1.0
2080	2080	1.0
2081	2081	1.0
2082	2082	1.0
2083	2083	1.0
2084	2084	1.0
2085	1246	0.227191279586
2086	13	0.853342331044
2087	2087	1.0
2088	2276	0.780450211315
2089	3162	0.818748673404
2090	3162	0.713671909589
2091	425	0.697605475126
2092	1246	0.176693755064
2093	2950	0.540971679021
2094	2094	1.0
2095	2095	1.0
2096	2096	1.0
2097	2662	0.297764612038
2098	2662	0.239971726912
2099	2099	1.0
2100	2161	0.943727352473
2101	2101	1.0
2102	3162	0.817759543373
2103	2103	1.0
2104	2161	0.961585602013
2105	2105	1.0
2106	2106	1.0
2107	2107	1.0
2108	2108	1.0
2109	2276	0.796715241215
2110	2276	0.858086644259
2111	2111	1.0
2112	2112	1.0
2113	3122	0.745770747095
2114	2114	1.0
2115	2115	1.0
2116	2116	1.0
2117	2117	1.0
2118	2118	1.0
2119	1246	0.636539024485
2120	2120	1.0
2121	2121	1.0
2122	2122	1.0
2123	2123	1.0
2124	2124	1.0
2125	2125	1.0
2126	2126	0.947616624871
2127	2127	1.0
2128	2644	0.829930829836
2129	2129	1.0
2130	2130	1.0
2131	2131	1.0
2132	1246	0.624847980619
2133	2133	1.0
2134	2134	1.0
2135	2135	1.0
2136	2136	1.0
2137	2137	1.0
2138	2138	1.0
2139	2139	0.952965482116
2140	2140	1.0
2141	2141	1.0
2142	2142	1.0
2143	2143	1.0
2144	2144	1.0
2145	2145	1.0
2146	3496	0.8590815393
2147	2147	1.0
2148	69	0.793543677344
2149	69	0.870307684069
2150	2150	1.0
2151	1858	0.923955056184
2152	2662	0.570054366965
2153	2153	1.0
2154	2662	0.561504981888
2155	2658	0.842352874231
2156	2209	0.934084103929
2157	2157	1.0
2158	2158	1.0
2159	2264	0.802035408369
2160	3122	0.6808422905
2161	2161	0.914249328565
2162	2139	0.95944583031
2163	2163	0.92241120233
2164	2164	1.0
2165	940	0.831459424478
2166	2166	1.0
2167	2167	1.0
2168	3568	0.759322523376
2169	2169	1.0
2170	2170	0.995648002346
2171	2171	1.0
2172	2172	1.0
2173	2173	0.816845471098
2174	2174	1.0
2175	1584	0.659073669914
2176	425	0.365735080639
2177	2177	1.0
2178	2228	0.752543631126
2179	2126	0.945918902243
2180	2180	1.0
2181	2181	1.0
2182	2182	1.0
2183	2183	1.0
2184	1804	0.863426268103
2185	3098	0.868045777621
2186	2186	1.0
2187	2187	1.0
2188	2188	1.0
2189	2264	0.802035336518
2190	2658	0.880664223964
2191	2191	1.0
2192	2192	1.0
2193	2193	1.0
2194	2644	0.829930829836
2195	2195	1.0
2196	2196	1.0
2197	2208	1.0
2198	2198	1.0
2199	2199	1.0
2200	2200	1.0
2201	2201	1.0
2202	3935	0.998892456549
2203	3819	0.416261053925
2204	2204	1.0
2205	2212	0.999999999993
2206	2206	1.0
2207	2170	0.994981842101
2208	2208	1.0
2209	2209	0.922982446263
2210	2210	1.0
2211	2144	1.0
2212	2212	0.999999999994
2213	2662	0.275058668725
2214	2214	1.0
2215	2215	1.0
2216	2216	1.0
2217	2217	1.0
2218	2191	1.0
2219	2219	1.0
2220	2220	1.0
2221	1246	0.604931206746
2222	2222	1.0
2223	2223	1.0
2224	2224	1.0
2225	2225	1.0
2226	2226	0.77116145304
2227	2227	1.0
2228	2228	0.972187217674
2229	425	0.373004045755
2230	2230	1.0
2231	2231	1.0
2232	2232	0.865290390866
2233	2242	0.959760154682
2234	2234	1.0
2235	2235	1.0
2236	2264	0.848106701829
2237	2237	1.0
2238	2238	1.0
2239	1304	0.858939051242
2240	2240	1.0
2241	347	0.734402827344
2242	2242	0.962712154302
2243	2243	1.0
2244	1094	0.731714701966
2245	2245	1.0
2246	2246	1.0
2247	2247	1.0
2248	2662	0.526510779617
2249	2249	1.0
2250	3819	0.326471226561
2251	2662	0.416336369414
2252	2252	1.0
2253	3155	0.924478421608
2254	2264	0.848106701829
2255	631	0.749720930956
2256	2264	0.892440722455
2257	2257	1.0
2258	2258	1.0
2259	2264	0.892440722455
2260	1246	0.728235764636
2261	2264	0.89244083061
2262	2262	1.0
2263	2662	0.491170854007
2264	2264	0.652195808604
2265	2265	1.0
2266	2266	1.0
2267	2267	1.0
2268	2268	1.0
2269	2269	1.0
2270	2662	0.544379524787
2271	2271	0.862729340685
2272	2272	1.0
2273	3644	0.826823425266
2274	3819	0.451456310523
2275	2275	1.0
2276	2276	0.849355348068
2277	3314	0.730553567569
2278	2278	1.0
2279	3314	0.709638891798
2280	2280	1.0
2281	2281	1.0
2282	2282	1.0
2283	1080	0.873945361483
2284	2232	0.896484864052
2285	2285	1.0
2286	2286	1.0
2287	2662	0.438239365798
2288	2288	1.0
2289	3119	0.833989085248
2290	2290	1.0
2291	2291	1.0
2292	2292	1.0
2293	2293	1.0
2294	2662	0.476947164166
2295	2295	1.0
2296	2296	1.0
2297	2297	0.895228303724
2298	2605	0.940935514556
2299	1080	0.919296885502
2300	2300	1.0
2301	2315	0.940627675687
2302	2302	1.0
2303	2303	1.0
2304	85	0.721743490763
2305	1993	0.88841070906
2306	2306	1.0
2307	3119	0.931966783798
2308	2308	1.0
2309	2309	1.0
2310	2310	1.0
2311	2311	1.0
2312	2312	1.0
2313	2313	0.82021210892
2314	2314	1.0
2315	2315	0.963256605396
2316	2316	1.0
2317	2317	1.0
2318	2318	1.0
2319	2785	0.734244453637
2320	2320	1.0
2321	2321	1.0
2322	2785	0.725987941204
2323	2323	1.0
2324	2324	1.0
2325	3819	0.371563576087
2326	3119	0.871512089272
2327	2327	1.0
2328	2328	1.0
2329	1066	0.85625366552
2330	2264	0.740585108691
2331	2662	0.385068402849
2332	2332	1.0
2333	2513	0.78048835019
2334	1134	0.709429583761
2335	471	0.771937437998
2336	1246	0.50993565128
2337	2337	1.0
2338	2338	1.0
2339	1134	0.592645086037
2340	2340	1.0
2341	2753	0.725505730131
2342	2342	1.0
2343	2343	1.0
2344	2344	0.861773806879
2345	2662	0.364935336511
2346	2346	1.0
2347	1134	0.699072480635
2348	2348	1.0
2349	2349	1.0
2350	2350	1.0
2351	2753	0.837779236941
2352	2352	1.0
2353	2163	0.956944988908
2354	3819	0.217780842896
2355	2355	1.0
2356	2356	1.0
2357	2357	0.90949025984
2358	2358	1.0
2359	2359	1.0
2360	2360	1.0
2361	2361	1.0
2362	471	0.584709468657
2363	2363	1.0
2364	2364	1.0
2365	2365	1.0
2366	2366	1.0
2367	2367	0.963899621625
2368	2368	1.0
2369	2369	0.99246923714
2370	2370	1.0
2371	2371	1.0
2372	1584	0.7304890702
2373	2373	1.0
2374	2374	1.0
2375	2375	1.0
2376	2376	1.0
2377	2377	1.0
2378	2378	1.0
2379	2379	1.0
2380	2380	1.0
2381	2381	1.0
2382	2382	1.0
2383	2383	1.0
2384	2456	1.0
2385	2385	1.0
2386	2386	1.0
2387	3122	0.796741025373
2388	2388	1.0
2389	2389	1.0
2390	2390	1.0
2391	2391	1.0
2392	2392	1.0
2393	2393	1.0
2394	2394	1.0
2395	2395	1.0
2396	2396	1.0
2397	2397	1.0
2398	85	0.682276399372
2399	2399	1.0
2400	2400	1.0
2401	2401	0.902098882148
2402	2402	1.0
2403	2403	1.0
2404	2404	1.0
2405	1246	0.820463829336
2406	2406	1.0
2407	2407	1.0
2408	1246	0.131303054807
2409	2409	1.0
2410	2410	1.0
2411	2411	1.0
2412	3314	0.628682222807
2413	2785	0.798924066931
2414	3098	0.89688466659
2415	1246	0.511628870244
2416	471	0.567141895823
2417	2417	1.0
2418	2785	0.798924034247
2419	2419	1.0
2420	2126	0.846582002922
2421	1246	0.579629848268
2422	2422	1.0
2423	2463	0.889209673032
2424	1246	0.765951396638
2425	1246	0.761704508399
2426	2426	1.0
2427	1246	0.58264855876
2428	2428	1.0
2429	1246	0.220390466873
2430	1246	0.189862297542
2431	85	0.699818580061
2432	425	0.538558570739
2433	2433	1.0
2434	3701	0.993694772427
2435	2435	1.0
2436	2483	0.951757321666
2437	2437	1.0
2438	3819	0.396256283073
2439	2439	1.0
2440	2440	1.0
2441	2441	1.0
2442	2442	1.0
2443	2443	1.0
2444	3228	0.910072905174
2445	2445	1.0
2446	2446	1.0
2447	2447	1.0
2448	2448	1.0
2449	2449	1.0
2450	2357	0.815238935049
2451	2451	1.0
2452	3314	0.788676660637
2453	2453	0.885327024131
2454	572	0.78157031075
2455	2455	1.0
2456	2456	1.0
2457	2457	1.0
2458	2458	1.0
2459	3314	0.811623787263
2460	2460	1.0
2461	3314	0.709039555061
2462	2462	1.0
2463	2463	0.92571452216
2464	85	0.774928800834
2465	2465	1.0
2466	2466	1.0
2467	2467	1.0
2468	2468	1.0
2469	2469	1.0
2470	2470	1.0
2471	2920	0.792065173033
2472	2472	1.0
2473	2473	1.0
2474	1246	0.488335680217
2475	2475	1.0
2476	3964	0.892013907497
2477	2477	1.0
2478	2478	1.0
2479	2479	1.0
2480	2480	1.0
2481	2481	0.86512612319
2482	2482	1.0
2483	2483	0.919602951974
2484	2484	1.0
2485	3892	0.756118948519
2486	2486	0.914929149821
2487	1134	0.703175091058
2488	1134	0.628758374458
2489	1134	0.750077123648
2490	2490	1.0
2491	2491	1.0
2492	1134	0.871986282525
2493	2493	1.0
2494	3119	0.916132338097
2495	1246	0.513368128295
2496	2496	1.0
2497	2662	0.392891578004
2498	2502	0.829773143981
2499	2499	1.0
2500	2500	1.0
2501	2501	1.0
2502	2502	0.931177655102
2503	2503	1.0
2504	2504	1.0
2505	2513	0.804924290396
2506	2506	1.0
2507	1246	0.222212124428
2508	2508	1.0
2509	2509	1.0
2510	369	0.656294876089
2511	2511	1.0
2512	2512	1.0
2513	2513	0.703289217693
2514	2587	1.0
2515	1024	0.653497019255
2516	1837	0.76252286547
2517	1755	0.647762266807
2518	2518	0.849178270605
2519	2519	1.0
2520	1755	0.750279349239
2521	3162	0.30076553083
2522	2522	1.0
2523	2518	0.852894197899
2524	3440	0.81698814156
2525	2525	1.0
2526	2526	1.0
2527	685	0.913646469753
2528	2528	1.0
2529	1024	0.81958502052
2530	2530	0.687891899801
2531	1246	0.507703687114
2532	3162	0.300980759447
2533	3772	0.925267581809
2534	1094	0.912965413253
2535	2535	0.815019734183
2536	2579	1.0
2537	2980	0.925258648954
2538	2538	1.0
2539	2662	0.542372872027
2540	2540	1.0
2541	2662	0.316279367864
2542	2542	1.0
2543	3162	0.469669733518
2544	2658	0.81632909343
2545	2545	1.0
2546	2636	0.970953498295
2547	2547	1.0
2548	3162	0.317767587532
2549	2662	0.518960028803
2550	2550	1.0
2551	2612	0.951971605417
2552	2552	1.0
2553	2553	1.0
2554	1246	0.33694496063
2555	2555	1.0
2556	2662	0.485233968414
2557	2662	0.516974423236
2558	2558	1.0
2559	2559	1.0
2560	2560	1.0
2561	1622	0.561890510635
2562	2562	0.794601153618
2563	2662	0.412084481448
2564	2564	1.0
2565	2565	1.0
2566	2566	1.0
2567	2662	0.484024968767
2568	2568	1.0
2569	2569	0.859447669474
2570	1246	0.335195974844
2571	2313	0.758807440316
2572	2753	0.807243308301
2573	1923	0.803006854046
2574	2574	1.0
2575	2575	1.0
2576	3162	0.377685892671
2577	2577	1.0
2578	2662	0.316279367864
2579	2579	1.0
2580	2580	1.0
2581	1094	0.872559219336
2582	2582	1.0
2583	2691	0.829108962878
2584	1024	0.81958502052
2585	2526	1.0
2586	2586	1.0
2587	2587	1.0
2588	2513	0.703289217693
2589	2589	1.0
2590	2590	1.0
2591	2591	1.0
2592	3500	0.917289496004
2593	2593	1.0
2594	2594	1.0
2595	2595	1.0
2596	2596	1.0
2597	1246	0.46406285215
2598	3892	0.813546535181
2599	2599	0.819901099493
2600	3162	0.775980060175
2601	2601	1.0
2602	3162	0.860480269104
2603	2453	0.902965274235
2604	2604	1.0
2605	2605	0.949116828005
2606	2606	1.0
2607	2607	1.0
2608	3458	0.682632247856
2609	2609	1.0
2610	1246	0.222212124428
2611	2611	0.946689560956
2612	2612	0.951971605417
2613	2644	0.806119425509
2614	3162	0.811642935648
2615	2615	1.0
2616	1804	0.617207421677
2617	2617	1.0
2618	2618	1.0
2619	774	0.85656876016
2620	2620	1.0
2621	2621	1.0
2622	2622	1.0
2623	2623	1.0
2624	2624	1.0
2625	2625	1.0
2626	3162	0.649284621266
2627	1755	0.741492587234
2628	1660	0.821516928222
2629	3076	0.984596020949
2630	2785	0.726922336743
2631	2631	1.0
2632	2640	0.963537447018
2633	425	0.584702548337
2634	2634	1.0
2635	3162	0.681791765617
2636	2636	0.970774089232
2637	2658	0.850931931975
2638	2921	0.803098149455
2639	471	0.652036232242
2640	2640	0.849091258205
2641	2641	1.0
2642	2642	1.0
2643	2643	1.0
2644	2644	0.814823647069
2645	3935	0.998892456549
2646	2646	1.0
2647	2647	1.0
2648	425	0.482673304768
2649	2649	1.0
2650	2662	0.371292529475
2651	3162	0.706882752342
2652	425	0.553508109938
2653	2653	1.0
2654	2662	0.461272611534
2655	2655	1.0
2656	2656	1.0
2657	2644	0.777530517742
2658	2658	0.668340115923
2659	2659	1.0
2660	2660	1.0
2661	3892	0.770104032241
2662	2662	0.210079127758
2663	754	0.95951797047
2664	2664	1.0
2665	425	0.789196137785
2666	572	0.433413009407
2667	425	0.725985022805
2668	2785	0.799066553992
2669	3162	0.907610781568
2670	2660	1.0
2671	2662	0.454403477773
2672	2672	1.0
2673	2673	1.0
2674	3162	0.8640711117
2675	2675	1.0
2676	369	0.835707558881
2677	2662	0.570361205953
2678	1246	0.568001632639
2679	2679	1.0
2680	2662	0.545008130304
2681	2662	0.357667589695
2682	2682	1.0
2683	2662	0.542995520591
2684	2972	0.855235187886
2685	2785	0.726922336743
2686	2662	0.542995520591
2687	2687	1.0
2688	2688	1.0
2689	2662	0.362409493593
2690	1923	0.546330541504
2691	2691	0.950568304193
2692	2692	1.0
2693	2693	1.0
2694	2694	1.0
2695	2695	1.0
2696	2696	1.0
2697	3162	0.743418004849
2698	2562	0.794601153618
2699	1622	0.645437997125
2700	3162	0.680203387535
2701	2701	1.0
2702	3740	0.813977220915
2703	3162	0.806369341199
2704	572	0.728946284292
2705	1606	0.620005178476
2706	2769	0.950424664812
2707	2707	1.0
2708	1622	0.565127468788
2709	2662	0.580221753766
2710	1066	0.893235180976
2711	1584	0.763591782876
2712	2753	0.785201571496
2713	2784	0.940184378122
2714	2714	1.0
2715	2715	1.0
2716	2716	1.0
2717	3155	0.902693972565
2718	2718	1.0
2719	2662	0.417598609586
2720	2720	1.0
2721	2757	0.965567806283
2722	1246	0.409608155542
2723	2723	1.0
2724	2785	0.803268745179
2725	2662	0.562672844598
2726	2726	1.0
2727	2727	1.0
2728	3819	0.406643011945
2729	2662	0.287998068648
2730	2730	1.0
2731	2662	0.565227722048
2732	2732	1.0
2733	1606	0.883943913176
2734	2734	1.0
2735	2662	0.534717525019
2736	3819	0.406643129733
2737	2662	0.41725099189
2738	3819	0.406643011945
2739	2739	1.0
2740	2740	1.0
2741	2741	1.0
2742	2662	0.439772020819
2743	2743	0.907436916621
2744	2744	1.0
2745	2662	0.417598609586
2746	2746	1.0
2747	1246	0.577693578926
2748	2748	1.0
2749	3162	0.853189160363
2750	2750	1.0
2751	2751	1.0
2752	2752	1.0
2753	2753	0.76574708075
2754	2754	1.0
2755	226	0.921117934292
2756	3764	0.787878943451
2757	2757	0.923577238158
2758	3162	0.275698286486
2759	2759	1.0
2760	2760	1.0
2761	2761	1.0
2762	3162	0.847044513849
2763	2763	1.0
2764	2764	1.0
2765	2765	1.0
2766	2766	1.0
2767	2767	1.0
2768	3162	0.716789735171
2769	2769	0.93925541219
2770	2770	1.0
2771	3162	0.783801693507
2772	2772	1.0
2773	347	0.590797217486
2774	2774	1.0
2775	2775	1.0
2776	2776	1.0
2777	2777	1.0
2778	2778	1.0
2779	3162	0.75464790121
2780	3162	0.762376238822
2781	2662	0.274469269227
2782	2867	0.949766628798
2783	2783	1.0
2784	2784	0.820062222699
2785	2785	0.415798761734
2786	2786	1.0
2787	2787	1.0
2788	1660	0.801832400177
2789	2789	1.0
2790	2790	1.0
2791	2816	0.904400696023
2792	3162	0.709889450646
2793	2793	1.0
2794	2794	1.0
2795	572	0.707433660483
2796	3162	0.841833292357
2797	3916	0.881732470934
2798	2798	1.0
2799	2799	1.0
2800	2800	1.0
2801	3162	0.683050053629
2802	2802	1.0
2803	2803	1.0
2804	2804	1.0
2805	2805	1.0
2806	2806	1.0
2807	2807	1.0
2808	2808	1.0
2809	2809	0.813110741675
2810	2810	1.0
2811	1606	0.780346565421
2812	1134	0.863276505096
2813	2662	0.364293123699
2814	2814	1.0
2815	2815	1.0
2816	2816	0.932800457709
2817	2662	0.194198494208
2818	3162	0.745694128427
2819	425	0.540719249844
2820	2662	0.350258449419
2821	2821	1.0
2822	2822	1.0
2823	2823	1.0
2824	2824	1.0
2825	2825	1.0
2826	1024	0.836397167801
2827	2827	0.982851374277
2828	2828	1.0
2829	3162	0.662120845768
2830	2830	1.0
2831	2831	1.0
2832	2832	1.0
2833	2833	1.0
2834	2834	1.0
2835	2835	1.0
2836	3568	0.750727526456
2837	3162	0.801734730702
2838	2809	0.886513114853
2839	2839	0.849034857306
2840	2840	1.0
2841	1606	0.786780701467
2842	2842	1.0
2843	1993	0.901980364316
2844	2844	1.0
2845	1606	0.727434869235
2846	2857	0.696471684475
2847	2847	1.0
2848	2848	1.0
2849	2849	1.0
2850	2850	1.0
2851	2851	1.0
2852	2852	1.0
2853	2242	0.74887520961
2854	2854	1.0
2855	3119	0.845011173666
2856	2856	1.0
2857	2857	0.681129135178
2858	3162	0.792919819862
2859	1246	0.619689228146
2860	2313	0.884540266519
2861	3162	0.716202248847
2862	1246	0.720571627952
2863	2863	0.750593520457
2864	425	0.502769912334
2865	3162	0.518083012724
2866	3162	0.915004450519
2867	2867	0.943932746547
2868	2868	1.0
2869	1606	0.635235941084
2870	2662	0.356227374677
2871	2871	1.0
2872	2872	1.0
2873	3819	0.48197552514
2874	2874	1.0
2875	2875	1.0
2876	2876	1.0
2877	2877	1.0
2878	2878	1.0
2879	2879	1.0
2880	2880	1.0
2881	1246	0.317282689023
2882	2827	0.983127500103
2883	3701	0.989148216642
2884	2313	0.888021951297
2885	2885	1.0
2886	1134	0.733237331776
2887	2839	0.928953810172
2888	2888	1.0
2889	2889	1.0
2890	2890	1.0
2891	2891	1.0
2892	2892	1.0
2893	2893	1.0
2894	2894	1.0
2895	2662	0.44125451464
2896	3162	0.703306412234
2897	1134	0.829212955554
2898	1246	0.520517965921
2899	2899	1.0
2900	2900	1.0
2901	3162	0.724471276239
2902	1996	0.815162228355
2903	1804	0.512008885028
2904	2904	1.0
2905	2905	1.0
2906	3162	0.727573890998
2907	2907	1.0
2908	2908	1.0
2909	2909	1.0
2910	2910	1.0
2911	2911	1.0
2912	2912	1.0
2913	2913	1.0
2914	2914	1.0
2915	2915	1.0
2916	3458	0.704184447345
2917	3738	0.845102721608
2918	2918	0.982719469788
2919	1246	0.396867055135
2920	2920	0.753548521563
2921	2921	0.645272779359
2922	85	0.866614539544
2923	2923	0.91528948195
2924	2924	0.973964828783
2925	2925	1.0
2926	2926	1.0
2927	2927	1.0
2928	2928	1.0
2929	2662	0.268332329788
2930	3162	0.703869566157
2931	1755	0.454261968243
2932	1996	0.849999712075
2933	2933	0.793040825241
2934	2934	1.0
2935	3162	0.861217198584
2936	2924	0.981454432051
2937	2937	1.0
2938	2938	1.0
2939	2939	1.0
2940	2940	1.0
2941	2941	1.0
2942	2942	1.0
2943	2943	1.0
2944	3085	0.939821250833
2945	2945	1.0
2946	3162	0.754346077789
2947	1980	0.959336961092
2948	3162	0.709497316579
2949	3162	0.657003827342
2950	2950	0.607756706488
2951	2951	1.0
2952	2952	1.0
2953	2953	1.0
2954	2809	0.917812624027
2955	1246	0.597220002753
2956	2956	0.862011024406
2957	2957	1.0
2958	2644	0.725922698486
2959	3162	0.729054779634
2960	1024	0.836397167801
2961	2961	1.0
2962	2962	0.984004542874
2963	2963	1.0
2964	2964	1.0
2965	3819	0.558696774918
2966	3043	0.923086762349
2967	3056	1.0
2968	2644	0.760058819436
2969	2969	1.0
2970	3042	1.0
2971	2971	1.0
2972	2972	0.922926605045
2973	2973	1.0
2974	2974	0.847263001216
2975	2933	0.965922006039
2976	1246	0.484289185584
2977	1417	0.932399429441
2978	2978	1.0
2979	2979	1.0
2980	2980	0.901268237937
2981	3044	1.0
2982	2982	1.0
2983	2983	0.955047919052
2984	2984	1.0
2985	1246	0.645085073871
2986	2986	1.0
2987	2987	1.0
2988	2988	1.0
2989	3568	0.695062485764
2990	1246	0.516828249543
2991	2991	1.0
2992	2785	0.415798761734
2993	1755	0.392336456945
2994	2994	0.952395909443
2995	2995	1.0
2996	1837	0.850574420476
2997	1804	0.665593346942
2998	2662	0.401626097742
2999	2662	0.564957462309
3000	3000	1.0
3001	3001	1.0
3002	1246	0.445131551212
3003	1246	0.632263479463
3004	1622	0.499123251346
3005	3005	1.0
3006	3162	0.186581653816
3007	3007	1.0
3008	3008	1.0
3009	1622	0.787788493623
3010	3010	1.0
3011	2658	0.776737623735
3012	3162	0.293241871534
3013	3162	0.301072660984
3014	3079	0.849030292395
3015	3162	0.394289926376
3016	2662	0.581522447214
3017	1246	0.386738108812
3018	3018	1.0
3019	3019	1.0
3020	3431	0.919188309238
3021	3162	0.327406472833
3022	3022	1.0
3023	3023	1.0
3024	3024	1.0
3025	3025	1.0
3026	3026	0.867825903282
3027	3027	1.0
3028	3028	1.0
3029	3029	1.0
3030	3030	1.0
3031	2662	0.429205560884
3032	1923	0.805339875727
3033	3819	0.428354917953
3034	2662	0.581522447214
3035	3035	1.0
3036	2994	0.952395909443
3037	2785	0.437551982947
3038	3038	1.0
3039	3039	1.0
3040	3162	0.326604787935
3041	2933	0.965922006039
3042	3042	1.0
3043	3043	0.923086762349
3044	3044	1.0
3045	2971	1.0
3046	2644	0.760058819436
3047	3047	1.0
3048	2658	0.912365480961
3049	1622	0.608907108994
3050	3050	1.0
3051	3051	1.0
3052	2962	0.983934588531
3053	3053	1.0
3054	3095	0.944198146051
3055	3776	0.79958291607
3056	3056	1.0
3057	2662	0.313544201104
3058	3058	1.0
3059	3059	1.0
3060	3060	0.946094299596
3061	1804	0.649410556026
3062	3062	1.0
3063	3819	0.689773193825
3064	3064	1.0
3065	3065	1.0
3066	3162	0.835470525711
3067	3067	1.0
3068	2983	0.949642408256
3069	3069	0.946657804447
3070	3070	1.0
3071	3071	1.0
3072	2950	0.702629370562
3073	3073	1.0
3074	3074	1.0
3075	1837	0.850574420476
3076	3076	0.983635554554
3077	3077	1.0
3078	3162	0.699817920958
3079	3079	0.968031190651
3080	3080	1.0
3081	1417	0.882727126226
3082	3082	1.0
3083	1755	0.610346295455
3084	3084	1.0
3085	3085	0.943038947699
3086	3086	1.0
3087	3087	1.0
3088	3088	1.0
3089	3089	1.0
3090	3090	1.0
3091	3091	1.0
3092	1304	0.798090726215
3093	3093	1.0
3094	3094	1.0
3095	3095	0.948274343513
3096	3119	0.846486293945
3097	1304	0.829543947924
3098	3098	0.817659406802
3099	2973	1.0
3100	3100	1.0
3101	1606	0.654121836975
3102	3102	1.0
3103	3103	1.0
3104	3162	0.741557909273
3105	3935	0.998892456549
3106	3106	1.0
3107	3107	1.0
3108	3108	1.0
3109	3109	1.0
3110	3110	1.0
3111	3111	1.0
3112	3112	1.0
3113	394	0.928134439037
3114	3162	0.741076078411
3115	3162	0.523256631397
3116	2662	0.401626097742
3117	2662	0.564957462309
3118	3118	1.0
3119	3119	0.708883616343
3120	3120	1.0
3121	3121	1.0
3122	3122	0.691135215329
3123	3123	1.0
3124	3124	1.0
3125	3125	1.0
3126	3126	1.0
3127	3127	1.0
3128	3128	1.0
3129	3129	1.0
3130	3819	0.537093540259
3131	3162	0.740516185632
3132	3132	1.0
3133	2662	0.248809897904
3134	1755	0.813334700052
3135	3135	1.0
3136	3136	0.908482793718
3137	3137	1.0
3138	3138	1.0
3139	3139	1.0
3140	3140	1.0
3141	2920	0.674124310015
3142	3142	1.0
3143	3143	1.0
3144	1622	0.747243118189
3145	3145	1.0
3146	2662	0.389801513831
3147	3147	1.0
3148	1804	0.614716278838
3149	3294	0.928832514553
3150	3150	1.0
3151	2662	0.555551022411
3152	2662	0.607233252985
3153	3153	1.0
3154	3154	1.0
3155	3155	0.779640261398
3156	3156	1.0
3157	1622	0.699106210382
3158	3158	1.0
3159	3159	1.0
3160	3160	1.0
3161	3819	0.594386661754
3162	3162	0.443375599665
3163	3162	0.811787161406
3164	3583	0.828981434934
3165	471	0.699822745508
3166	1246	0.585374422101
3167	3167	1.0
3168	3168	1.0
3169	3169	1.0
3170	3170	1.0
3171	3162	0.649787403786
3172	3162	0.799795475756
3173	1606	0.65375347277
3174	2662	0.436907671599
3175	516	0.833206126425
3176	2662	0.552128407796
3177	3162	0.567179234836
3178	3178	1.0
3179	2863	0.765324300802
3180	3180	1.0
3181	3181	0.840443736877
3182	3162	0.401921062642
3183	3183	1.0
3184	2481	0.920761967041
3185	3185	1.0
3186	3186	1.0
3187	3187	1.0
3188	3188	1.0
3189	3162	0.734445816114
3190	3190	1.0
3191	3191	1.0
3192	3192	1.0
3193	3162	0.818024376828
3194	3194	1.0
3195	3195	1.0
3196	3196	1.0
3197	3197	1.0
3198	1606	0.76837770492
3199	3199	1.0
3200	3162	0.852642710932
3201	471	0.626067721688
3202	3202	1.0
3203	3203	1.0
3204	3204	1.0
3205	3205	1.0
3206	3162	0.426499975309
3207	3207	0.864093012681
3208	1246	0.338962269793
3209	3209	1.0
3210	3162	0.830580736934
3211	1622	0.565201496661
3212	3212	1.0
3213	2863	0.720361074358
3214	3214	1.0
3215	3215	1.0
3216	3162	0.597242943251
3217	425	0.458150549754
3218	3218	1.0
3219	3219	1.0
3220	3162	0.857119250178
3221	3221	1.0
3222	1246	0.535236996945
3223	2226	0.755454960418
3224	2863	0.764397648659
3225	3225	1.0
3226	3226	0.836168654823
3227	3227	1.0
3228	3228	0.891314567289
3229	3229	1.0
3230	2226	0.755454960418
3231	3231	1.0
3232	3232	1.0
3233	3233	1.0
3234	3162	0.795061430945
3235	3764	0.889251963108
3236	3236	1.0
3237	2785	0.342092618332
3238	3238	1.0
3239	3239	1.0
3240	1134	0.770541790188
3241	3241	1.0
3242	2662	0.35253140512
3243	3243	1.0
3244	471	0.867614389304
3245	1295	0.746483470552
3246	3246	1.0
3247	2863	0.730930386533
3248	3644	0.786587078296
3249	3249	1.0
3250	3250	1.0
3251	3251	1.0
3252	3252	1.0
3253	3253	1.0
3254	71	0.945164869793
3255	425	0.497950288341
3256	1295	0.746483470552
3257	3257	1.0
3258	3258	1.0
3259	3259	1.0
3260	3260	1.0
3261	3261	1.0
3262	2662	0.415938479575
3263	85	0.924492447182
3264	3264	1.0
3265	3265	1.0
3266	3266	1.0
3267	2662	0.409263473191
3268	3268	1.0
3269	3269	1.0
3270	3136	0.859842718985
3271	3271	1.0
3272	2662	0.454263625277
3273	85	0.895788676761
3274	3162	0.792649570521
3275	3162	0.915753006956
3276	3276	1.0
3277	1246	0.457419052316
3278	2662	0.417922588216
3279	3279	1.0
3280	3280	1.0
3281	3281	1.0
3282	3458	0.71350896916
3283	369	0.675645491192
3284	3162	0.719599273649
3285	3285	1.0
3286	3286	1.0
3287	3287	1.0
3288	3119	0.906303433666
3289	3289	1.0
3290	1699	0.961962311799
3291	3343	0.947845024246
3292	3292	1.0
3293	3458	0.770011301763
3294	3294	0.880911650578
3295	3295	1.0
3296	3296	1.0
3297	3343	0.94159423424
3298	3298	1.0
3299	60	0.99243607153
3300	3332	0.881689804344
3301	3301	1.0
3302	1622	0.166912045062
3303	3303	1.0
3304	3304	1.0
3305	3305	1.0
3306	3306	1.0
3307	2401	0.882695941304
3308	3308	1.0
3309	3122	0.637308268156
3310	3310	1.0
3311	3311	1.0
3312	3312	1.0
3313	3313	1.0
3314	3314	0.694656433536
3315	3315	1.0
3316	3316	0.906831729564
3317	3317	0.978111448316
3318	3318	0.922097624506
3319	3319	1.0
3320	3320	1.0
3321	3226	0.85620361031
3322	3322	1.0
3323	425	0.676314762748
3324	2956	0.928418461506
3325	2662	0.325846458092
3326	3326	1.0
3327	2662	0.340106191794
3328	2662	0.409854967336
3329	3162	0.285829550693
3330	2662	0.301816791014
3331	3331	1.0
3332	3332	0.886449977422
3333	2486	0.858396395755
3334	3334	1.0
3335	2950	0.749916994924
3336	3567	0.787986465097
3337	1279	0.918224669464
3338	3338	1.0
3339	2173	0.824154562438
3340	3162	0.285829550693
3341	3341	1.0
3342	85	0.886481689011
3343	3343	0.845324935803
3344	3060	0.932522362183
3345	3162	0.89840076175
3346	3346	1.0
3347	85	0.876549512713
3348	3348	1.0
3349	3349	1.0
3350	3350	1.0
3351	1340	0.832112268409
3352	2950	0.722323113567
3353	3353	1.0
3354	3354	1.0
3355	1755	0.576003406656
3356	3356	1.0
3357	2956	0.884185729114
3358	3358	1.0
3359	3738	0.688262152052
3360	1246	0.709168988102
3361	3364	0.999999999989
3362	1709	0.834555423394
3363	1804	0.746092121333
3364	3364	0.99999999999
3365	3365	1.0
3366	3366	1.0
3367	3367	1.0
3368	3368	1.0
3369	2644	0.832460179316
3370	3162	0.443547525749
3371	2920	0.777611586466
3372	3119	0.921195509959
3373	3162	0.259637856911
3374	3374	1.0
3375	3568	0.909639242056
3376	3317	0.994890986704
3377	3377	1.0
3378	3378	1.0
3379	3379	1.0
3380	3380	1.0
3381	3381	1.0
3382	3458	0.743043425058
3383	3383	1.0
3384	3384	1.0
3385	3385	1.0
3386	2974	0.91689115795
3387	1246	0.425665119286
3388	1246	0.526005580156
3389	3389	1.0
3390	3457	1.0
3391	3391	1.0
3392	3392	1.0
3393	1246	0.556223700732
3394	3394	1.0
3395	3395	1.0
3396	3819	0.452830673592
3397	3397	1.0
3398	326	0.722904184324
3399	2530	0.840139045202
3400	3400	0.883245759367
3401	3401	1.0
3402	3402	1.0
3403	3456	1.0
3404	1622	0.808390586253
3405	3405	1.0
3406	3465	1.0
3407	3464	1.0
3408	3408	1.0
3409	1622	0.559697438937
3410	3026	0.89677605996
3411	3411	1.0
3412	3412	1.0
3413	3413	1.0
3414	3414	0.983060235148
3415	1755	0.589185042073
3416	3416	1.0
3417	2658	0.780827927656
3418	2662	0.517467947335
3419	3471	1.0
3420	2662	0.557428777585
3421	2562	0.842603822978
3422	3422	1.0
3423	3423	1.0
3424	3424	1.0
3425	3425	1.0
3426	3426	1.0
3427	1895	0.918555842857
3428	1246	0.601691912858
3429	3429	1.0
3430	3451	1.0
3431	3431	0.832129867235
3432	2658	0.907408306358
3433	2662	0.562642297766
3434	2753	0.735549620262
3435	3496	0.978535771681
3436	3436	1.0
3437	3437	1.0
3438	2662	0.523182732853
3439	1755	0.596940288807
3440	3440	0.907121685983
3441	3441	1.0
3442	1622	0.557565923694
3443	3443	1.0
3444	3444	1.0
3445	3445	1.0
3446	3446	1.0
3447	3447	1.0
3448	3448	0.897193876589
3449	3819	0.46522743217
3450	3450	1.0
3451	3451	1.0
3452	2662	0.557428777585
3453	2562	0.842603822978
3454	2662	0.517467947335
3455	3455	1.0
3456	3456	1.0
3457	3457	1.0
3458	3458	0.57316257889
3459	3568	0.909639242056
3460	3374	1.0
3461	3413	1.0
3462	1755	0.589185042073
3463	3463	1.0
3464	3464	1.0
3465	3465	1.0
3466	3466	1.0
3467	2658	0.82745894056
3468	3482	1.0
3469	3469	1.0
3470	3470	1.0
3471	3471	1.0
3472	3458	0.743043425058
3473	3473	1.0
3474	3474	1.0
3475	3475	1.0
3476	3162	0.623133528398
3477	2662	0.245843490602
3478	3478	1.0
3479	3510	0.900685987848
3480	3480	1.0
3481	3481	1.0
3482	3482	1.0
3483	3483	1.0
3484	3568	0.900727357372
3485	3819	0.60664264233
3486	1578	0.916992774718
3487	3819	0.535928868878
3488	3162	0.69810623595
3489	3489	1.0
3490	3162	0.670704742074
3491	3491	0.889647600583
3492	3492	1.0
3493	3493	1.0
3494	3494	1.0
3495	3317	0.994890986704
3496	3496	0.978535771681
3497	3162	0.725662586532
3498	3498	1.0
3499	3499	1.0
3500	3500	0.912987803156
3501	3501	1.0
3502	2662	0.512970711138
3503	3503	1.0
3504	3630	0.952326539344
3505	3505	1.0
3506	3506	1.0
3507	3507	1.0
3508	3162	0.688051332203
3509	3509	1.0
3510	3510	0.90273838502
3511	2658	0.924212854655
3512	3512	1.0
3513	1804	0.61350031761
3514	3162	0.665496260888
3515	3515	1.0
3516	3516	1.0
3517	3162	0.743204796962
3518	3162	0.708390468193
3519	3519	1.0
3520	3162	0.754539603779
3521	3414	0.977406489826
3522	2857	0.749371455147
3523	3523	1.0
3524	3524	0.801350539181
3525	3525	1.0
3526	3526	1.0
3527	3527	1.0
3528	682	0.90102413856
3529	3529	0.989628839509
3530	3530	1.0
3531	3819	0.376861600435
3532	3532	1.0
3533	3533	1.0
3534	3534	1.0
3535	2658	0.685145606655
3536	3536	1.0
3537	3764	0.851620758723
3538	3538	1.0
3539	3162	0.661236602668
3540	1622	0.627723101561
3541	3541	1.0
3542	3542	1.0
3543	2950	0.623181858859
3544	3544	1.0
3545	3545	1.0
3546	2662	0.218243360353
3547	3547	1.0
3548	3548	1.0
3549	3549	1.0
3550	2980	0.82363944714
3551	3551	1.0
3552	3567	0.960292092825
3553	3553	1.0
3554	2226	0.788162647404
3555	3555	1.0
3556	2662	0.323098162658
3557	471	0.615962164785
3558	3558	1.0
3559	2662	0.424150761885
3560	2662	0.538586191811
3561	3314	0.774142567992
3562	3562	1.0
3563	1295	0.843040668174
3564	3564	1.0
3565	3565	1.0
3566	3207	0.767272383258
3567	3567	0.962097158072
3568	3568	0.563855971796
3569	3569	1.0
3570	3819	0.464796824457
3571	3571	1.0
3572	347	0.869724266529
3573	3573	1.0
3574	3574	1.0
3575	3575	1.0
3576	3576	1.0
3577	3577	1.0
3578	347	0.795247201861
3579	3318	0.870263157627
3580	3819	0.509014210546
3581	3581	1.0
3582	3582	1.0
3583	3583	0.973457079516
3584	1134	0.583112832199
3585	3585	1.0
3586	3586	1.0
3587	3587	1.0
3588	3588	1.0
3589	3458	0.703032373736
3590	3162	0.865266474779
3591	3591	1.0
3592	2662	0.550497810632
3593	2743	0.88281733393
3594	3594	0.777462591924
3595	1246	0.73001553926
3596	3162	0.820485431061
3597	3597	1.0
3598	3598	1.0
3599	3738	0.787448282546
3600	3600	1.0
3601	3601	1.0
3602	3602	1.0
3603	2662	0.283936343194
3604	2662	0.567546227012
3605	3162	0.768942874417
3606	3606	0.969252465689
3607	3607	1.0
3608	3608	1.0
3609	1134	0.716434779607
3610	3610	1.0
3611	3606	0.972796511209
3612	3612	1.0
3613	3613	1.0
3614	3628	0.998989040526
3615	3583	0.973457079516
3616	3162	0.839459219599
3617	3617	1.0
3618	2662	0.496268925999
3619	425	0.188907651373
3620	3162	0.742199998994
3621	3621	1.0
3622	3622	1.0
3623	1134	0.603402874084
3624	3624	0.99637419644
3625	1246	0.559744211295
3626	3626	1.0
3627	3764	0.743141432585
3628	3628	0.999056293664
3629	3629	1.0
3630	3630	0.825948582246
3631	1295	0.85726028212
3632	3043	0.846695215499
3633	3633	1.0
3634	3634	1.0
3635	3635	1.0
3636	3568	0.80237444548
3637	3637	1.0
3638	3638	1.0
3639	3740	0.826159651161
3640	2950	0.660571810566
3641	3655	1.0
3642	3642	1.0
3643	3643	1.0
3644	3644	0.729605774869
3645	3645	1.0
3646	2662	0.365199697069
3647	3524	0.943777834683
3648	3648	1.0
3649	48	0.804360123845
3650	3162	0.712817685714
3651	3819	0.447259549033
3652	3162	0.723432319594
3653	3653	1.0
3654	3654	1.0
3655	3655	1.0
3656	3656	1.0
3657	2644	0.674775117888
3658	3658	1.0
3659	3659	1.0
3660	3819	0.291731102699
3661	3819	0.450501656262
3662	1246	0.496382724363
3663	3663	1.0
3664	3702	0.98984841932
3665	2662	0.47531515401
3666	3675	0.921766256367
3667	3314	0.773941351432
3668	3668	1.0
3669	1804	0.729344141947
3670	3738	0.839388382749
3671	3524	0.943777834683
3672	3672	1.0
3673	3673	1.0
3674	572	0.579167385793
3675	3675	0.950715535137
3676	3687	0.984431629043
3677	3677	1.0
3678	3678	1.0
3679	2662	0.386919450865
3680	3162	0.801159260689
3681	3681	0.904975334337
3682	3682	1.0
3683	3683	1.0
3684	3684	1.0
3685	3819	0.434666709069
3686	3686	1.0
3687	3687	0.985120696981
3688	3688	1.0
3689	3738	0.821242445611
3690	3162	0.839874845189
3691	3691	1.0
3692	48	0.869212939258
3693	3819	0.524042540625
3694	3694	1.0
3695	3819	0.623294713403
3696	1622	0.216585946609
3697	3697	1.0
3698	3698	1.0
3699	3162	0.749071152873
3700	3700	1.0
3701	3701	0.981772869975
3702	3702	0.988808182953
3703	3162	0.704609981154
3704	1246	0.383042353741
3705	3705	1.0
3706	425	0.592433383728
3707	3819	0.529228950356
3708	3708	1.0
3709	3709	1.0
3710	2662	0.375107887635
3711	3711	1.0
3712	3712	1.0
3713	3713	1.0
3714	3714	1.0
3715	3715	1.0
3716	3162	0.844132771618
3717	3717	1.0
3718	3718	1.0
3719	3719	1.0
3720	3720	1.0
3721	3992	0.918836087898
3722	3722	1.0
3723	3162	0.578432049396
3724	2662	0.299930077854
3725	3725	1.0
3726	3726	1.0
3727	3727	1.0
3728	3162	0.755894732657
3729	3729	1.0
3730	3730	0.702311387998
3731	3731	1.0
3732	3732	1.0
3733	3733	1.0
3734	3734	1.0
3735	3735	0.863436802114
3736	3736	1.0
3737	3737	1.0
3738	3738	0.78386460522
3739	3739	1.0
3740	3740	0.823729420932
3741	3122	0.686838077739
3742	3742	0.995708971008
3743	2863	0.849020508805
3744	3744	1.0
3745	2644	0.830265912767
3746	2863	0.763382462476
3747	3735	0.927132373995
3748	425	0.345924821095
3749	471	0.687123363219
3750	1755	0.547066344286
3751	3740	0.798287040785
3752	1755	0.594763777855
3753	3753	1.0
3754	3754	1.0
3755	3162	0.853964593573
3756	3756	1.0
3757	3757	1.0
3758	3758	1.0
3759	3742	0.996057506328
3760	1804	0.609879517675
3761	606	0.822032143375
3762	3762	1.0
3763	3043	0.850131818904
3764	3764	0.788862123908
3765	3765	1.0
3766	3122	0.87677327589
3767	3887	0.96049882781
3768	3768	1.0
3769	3769	1.0
3770	3819	0.511106069638
3771	3771	1.0
3772	3772	0.81471225469
3773	3773	0.888174341543
3774	3774	1.0
3775	572	0.680850227148
3776	3776	0.908380543646
3777	3777	1.0
3778	1352	0.935926694948
3779	3779	0.973183361498
3780	3932	0.925442101356
3781	3781	1.0
3782	3782	1.0
3783	3783	1.0
3784	3905	0.99829044842
3785	1837	0.881922896056
3786	3786	1.0
3787	3787	0.94344389985
3788	3788	1.0
3789	3789	1.0
3790	1755	0.885830133408
3791	3815	1.0
3792	3902	0.906981938423
3793	3793	1.0
3794	1755	0.474433716705
3795	3795	1.0
3796	3796	1.0
3797	176	0.969289723077
3798	3798	1.0
3799	3907	0.989652713471
3800	3903	0.999113963706
3801	3801	1.0
3802	3888	0.9968530338
3803	3896	1.0
3804	3804	0.979591843718
3805	3805	1.0
3806	3806	1.0
3807	1755	0.433123410513
3808	3808	1.0
3809	2920	0.855263155397
3810	3810	1.0
3811	3811	1.0
3812	3812	1.0
3813	3813	0.984815878272
3814	3814	1.0
3815	3815	1.0
3816	3816	1.0
3817	3817	1.0
3818	3818	1.0
3819	3819	0.361566859104
3820	3820	1.0
3821	3821	1.0
3822	3822	1.0
3823	3823	1.0
3824	3824	1.0
3825	3825	1.0
3826	3826	1.0
3827	3827	1.0
3828	3889	0.985729709466
3829	69	0.906203568704
3830	2562	0.72675654879
3831	3831	1.0
3832	3832	1.0
3833	2662	0.547821781249
3834	3834	1.0
3835	2662	0.300105714432
3836	1246	0.419450582992
3837	3819	0.345135697379
3838	3819	0.547348839211
3839	3839	1.0
3840	3819	0.49507881045
3841	3162	0.370784920137
3842	3842	1.0
3843	3843	1.0
3844	1622	0.573773988793
3845	2658	0.834738524003
3846	3846	1.0
3847	1584	0.848346906155
3848	3848	1.0
3849	3849	1.0
3850	1622	0.739205037632
3851	3851	0.944713598554
3852	3971	0.999999999812
3853	3819	0.444101393198
3854	2658	0.760917161104
3855	3855	1.0
3856	3856	1.0
3857	3857	1.0
3858	3819	0.59205538126
3859	3859	1.0
3860	3860	0.796158542367
3861	3861	1.0
3862	1923	0.790137523908
3863	3863	1.0
3864	3773	0.923548993445
3865	1755	0.704711384728
3866	3819	0.625757218167
3867	3867	1.0
3868	3868	1.0
3869	3869	1.0
3870	3870	1.0
3871	3871	1.0
3872	3872	1.0
3873	1923	0.615721507075
3874	3928	0.991906635286
3875	3819	0.603250611143
3876	3162	0.413128631748
3877	3967	0.787453077388
3878	3878	1.0
3879	3819	0.527416157101
3880	3880	1.0
3881	3881	1.0
3882	3882	1.0
3883	3162	0.302884131707
3884	3787	0.97059284808
3885	3885	1.0
3886	3886	1.0
3887	3887	0.93373370962
3888	3888	0.996822384043
3889	3889	0.987978968794
3890	3890	1.0
3891	1755	0.886033925533
3892	3892	0.855582748333
3893	3893	1.0
3894	3894	1.0
3895	2658	0.810002104515
3896	3896	1.0
3897	3804	0.983335080117
3898	3806	1.0
3899	1755	0.548007879644
3900	2753	0.662906954302
3901	1622	0.629276099602
3902	3902	0.901856748835
3903	3903	0.99908722158
3904	3122	0.87677327589
3905	3905	0.998294929055
3906	3906	1.0
3907	3907	0.989707332937
3908	3908	1.0
3909	3909	1.0
3910	3491	0.849945959639
3911	2920	0.855263155397
3912	3912	1.0
3913	3913	1.0
3914	3914	1.0
3915	3915	1.0
3916	3916	0.925939284481
3917	2662	0.536731057107
3918	3918	1.0
3919	3919	1.0
3920	3920	1.0
3921	3162	0.82731179184
3922	3776	0.895989748912
3923	3162	0.886021456709
3924	3924	1.0
3925	347	0.718719372371
3926	3162	0.675465871418
3927	3927	1.0
3928	3928	0.991526030345
3929	1837	0.913243383873
3930	3162	0.793687523042
3931	3931	1.0
3932	3932	0.97075017338
3933	3933	1.0
3934	3934	1.0
3935	3935	0.998892456549
3936	3936	1.0
3937	3937	1.0
3938	3813	0.987061983899
3939	3162	0.695216187095
3940	3940	1.0
3941	2753	0.867815747978
3942	3162	0.518759026326
3943	3779	0.981405334129
3944	3944	1.0
3945	3945	1.0
3946	3946	1.0
3947	425	0.61721345107
3948	3948	1.0
3949	3949	1.0
3950	3162	0.645731213103
3951	3951	1.0
3952	3162	0.692227993693
3953	3957	1.0
3954	3954	1.0
3955	3955	1.0
3956	3956	1.0
3957	3957	1.0
3958	3958	1.0
3959	3959	1.0
3960	3960	1.0
3961	2662	0.369891982281
3962	2956	0.829091684674
3963	3963	1.0
3964	3964	0.795507588223
3965	2662	0.418992442072
3966	3966	1.0
3967	3967	0.952554228608
3968	1246	0.519595840576
3969	3969	1.0
3970	3970	1.0
3971	3971	0.999999999814
3972	3972	1.0
3973	3819	0.455180598562
3974	3974	1.0
3975	592	0.892778741886
3976	3976	1.0
3977	3529	0.991127907086
3978	3978	1.0
3979	3979	1.0
3980	539	0.862919732561
3981	3981	1.0
3982	1246	0.201446309656
3983	3983	1.0
3984	2662	0.290125661141
3985	3155	0.856929554521
3986	3986	1.0
3987	3987	1.0
3988	3988	1.0
3989	3989	1.0
3990	3990	1.0
3991	3991	1.0
3992	3992	0.859466503785
3993	2662	0.422104978067
3994	3162	0.71529263771
3995	3995	1.0
3996	3996	1.0
3997	3162	0.920671086833
3998	3998	1.0
3999	1622	0.673202342434
4000	4000	1.0
4001	3162	0.642282195033
4002	3458	0.690021964151
